non_tail_SNV	Cluster	driver_label_Intogen	driver_label_COSMIC_INTOGEN	Info_SNV_synonymous	MEMORI_RE0010A_T1_C1_D1	MEMORI_RE0010A_T2_C1_D1	MEMORI_RE0010A_T4_C1_D1	MEMORI_RE0010B_T1_B1_D1	MEMORI_RE0010B_T2_C1_D1	MEMORI_RE0010B_T3_C1_D1	MEMORI_RE0010C_T1_C1_D1
chr1_100206311_A_T	C2	NA	NA	.	0	0	0.275510204081633	0	0	0	0
chr1_102880052_A_G	C1	NA	NA	.	0	0.545454545454545	0.733333333333333	0.888888888888889	0	0	0.777777777777778
chr1_104273234_T_C	C5	NA	NA	.	0	0	0	0.75	0	0	0
chr1_111739376_C_A	C3	NA	NA	.	0.615384615384615	0	0	0	0	0.875	0
chr1_116020882_G_T	C2	NA	NA	nonsynonymous SNV	0	0	0	0	0	0	0.590909090909091
chr1_116401710_C_T	C2	NA	ATP1A1	.	0	0	0.5	0	0	0	0.517241379310345
chr1_117677649_C_G	C5	NA	NA	.	0	0.5	0	0	0	0	0
chr1_11796121_C_T	C2	NA	NA	.	0	0	0	0	0	0	0.4
chr1_1205301_G_A	C3	NA	NA	.	0.230769230769231	0	0	0	0	0.385964912280702	0
chr1_120829993_A_T	C5	NA	NA	.	0	0.285714285714286	0	0	0.285714285714286	0	0.5
chr1_120830008_A_T	C5	NA	NA	.	0	0.333333333333333	0	0	0	0	0.333333333333333
chr1_144995075_G_A	C1	NA	NA	nonsynonymous SNV	0.445652173913043	0.33695652173913	0.415584415584416	0.397590361445783	0	0.519685039370079	0.362068965517241
chr1_1456257_C_A	C2	NA	NA	synonymous SNV	0	0	0	0	0	0	0.465116279069767
chr1_147113401_G_C	C5	NA	NA	.	0	0.681818181818182	0.4375	0.368421052631579	0	0	0.44
chr1_147275977_T_C	C1	NA	NA	.	0	0.470588235294118	0.875	0.545454545454545	0	0	0.545454545454545
chr1_1477985_C_T	C5	NA	NA	.	0	0.5	0	0	0	0.5	0
chr1_147907912_G_A	C5	NA	NA	.	0	0.48	0.789473684210526	0.393939393939394	0	0	0.455445544554455
chr1_150961028_G_C	C2	NA	NA	nonsynonymous SNV	0	0	0.297872340425532	0	0	0	0
chr1_151344719_T_C	C5	NA	NA	.	0	0	0.242424242424242	0.269230769230769	0	0	0
chr1_151540213_T_C	C2	NA	NA	.	0	0	0	0	0	0	0.607142857142857
chr1_1523022_A_G	C4	NA	NA	.	0	0	0	0	0.407407407407407	0	0
chr1_152311974_C_T	C1	NA	NA	nonsynonymous SNV	0.458	0.555769230769231	0.650273224043716	0.844059405940594	0.488172043010753	0.506521739130435	0.520905923344948
chr1_154273851_T_C	C3	NA	NA	nonsynonymous SNV	0.45360824742268	0	0	0	0	0.480769230769231	0
chr1_156813749_T_G	C3	NA	NA	.	0	0	0	0	0	0.692307692307692	0
chr1_156958865_C_T	C5	NA	NA	.	0	0.252525252525253	0	0.461538461538462	0	0	0
chr1_157547123_T_C	C2	NA	NA	nonsynonymous SNV	0	0	0.295238095238095	0	0	0	0
chr1_158183025_A_T	C5	NA	NA	nonsynonymous SNV	0	0.327635327635328	0.422053231939163	0	0	0	0.486803519061584
chr1_158184105_C_G	C2	NA	NA	.	0	0	0	0	0	0	0.382608695652174
chr1_158184129_T_G	C2	NA	NA	synonymous SNV	0	0	0	0	0	0	0.415584415584416
chr1_158329768_G_A	C3	NA	NA	.	0.5625	0	0	0	0	0.37037037037037	0
chr1_158420401_C_A	C2	NA	NA	nonsynonymous SNV	0	0	0	0	0	0	0.653153153153153
chr1_158644488_T_A	C1	NA	NA	.	0.416666666666667	0.421052631578947	0	0	0	0.344827586206897	0.764705882352941
chr1_158669568_A_C	C1	NA	NA	.	0.430379746835443	0.477477477477477	0.413333333333333	0.626373626373626	0	0.614583333333333	0.596638655462185
chr1_16033828_G_T	C5	NA	NA	.	0.210526315789474	0.5	0	0	0	0	0
chr1_16033852_A_G	C1	NA	NA	.	0.277777777777778	0.5	0.259259259259259	0.458333333333333	0.454545454545455	0.257142857142857	0.291666666666667
chr1_160685219_G_A	C2	NA	NA	.	0	0	0.354166666666667	0	0	0	0
chr1_161593288_G_A	C1	NA	NA	.	0.384615384615385	0	0.727272727272727	0.538461538461538	0	0	0
chr1_162780367_G_T	C5	NA	DDR2	.	0	0	0	0.7	0	0	0.461538461538462
chr1_16583855_C_A	C5	NA	NA	.	0	0.333333333333333	0	0	0.285714285714286	0.318181818181818	0
chr1_173547598_G_T	C2	NA	NA	.	0	0	0	0	0	0	0.388888888888889
chr1_176790027_G_T	C2	NA	NA	.	0	0	0.523809523809524	0	0	0	0.607142857142857
chr1_177030805_C_A	C4	NA	NA	.	0	0.223684210526316	0	0	0	0	0
chr1_180976761_A_G	C4	NA	NA	.	0	0.25	0	0	0	0	0
chr1_182472263_G_T	C5	NA	NA	.	0	0	0	0.769230769230769	0	0	0
chr1_184267_C_T	C5	NA	NA	.	0	0	0	0.285714285714286	0	0	0
chr1_185128516_C_T	C1	NA	NA	.	0.545454545454545	0.44	0.523809523809524	0.470588235294118	0.866666666666667	0.545454545454545	0.75
chr1_190098207_T_C	C2	NA	NA	unknown	0	0	0.247787610619469	0	0	0	0.392405063291139
chr1_193076696_G_C	C2	NA	NA	.	0	0	0.363636363636364	0	0	0	0
chr1_1970820_G_A	C5	NA	NA	.	0	0.0804597701149425	0	0.485714285714286	0	0	0
chr1_197344264_G_A	C2	NA	NA	.	0	0	0.283333333333333	0	0	0	0
chr1_202416956_T_C	C5	NA	NA	.	0	0.538461538461538	0.56	0.375	0	0	0.6
chr1_202760491_T_C	C4	NA	NA	unknown	0	0	0	0	0.395348837209302	0	0
chr1_209232945_C_T	C4	NA	NA	.	0	0	0	0	0.678571428571429	0	0
chr1_211173649_G_T	C5	NA	NA	.	0.5	0.352941176470588	0	0	0	0.263157894736842	0
chr1_216707336_C_T	C2	NA	NA	.	0.192307692307692	0	0	0	0	0	0
chr1_21839476_T_C	C4	HSPG2	HSPG2	unknown	0	0	0	0	0.535836177474403	0	0
chr1_22007102_G_A	C1	NA	NA	.	0	0.5625	0.892857142857143	0.7	0.472222222222222	0.256410256410256	0.736842105263158
chr1_22953247_G_A	C3	NA	NA	synonymous SNV	0.452173913043478	0	0	0	0	0.479591836734694	0
chr1_231421073_G_T	C5	NA	NA	unknown	0	0.358803986710963	0.316205533596838	0.386666666666667	0	0	0.379912663755459
chr1_237760939_T_C	C5	NA	NA	.	0	0.236842105263158	0	0.35	0	0	0
chr1_241723459_A_T	C5	NA	NA	.	0	0.533333333333333	0	0.846153846153846	0	0	0.789473684210526
chr1_243378921_A_G	C3	NA	NA	.	0.384615384615385	0	0	0	0	0.392405063291139	0
chr1_247775267_C_T	C5	NA	NA	.	0	0.28	0	0.6	0	0.357142857142857	0.647058823529412
chr1_2484453_G_A	C3	NA	NA	synonymous SNV	0.455284552845528	0	0	0	0	0.479041916167665	0
chr1_2609325_C_A	C3	NA	NA	.	0.352380952380952	0	0	0	0	0.169934640522876	0
chr1_26779863_C_T	C4	ARID1A	ARID1A	stopgain	0	0.0595238095238095	0	0	0.538461538461538	0	0
chr1_28532094_A_G	C4	NA	NA	.	0	0	0	0	0.71875	0	0
chr1_28690204_T_G	C1	NA	NA	.	0.681818181818182	0.390625	0.547619047619048	0.511111111111111	0.739130434782609	0.564102564102564	0.533333333333333
chr1_34904316_C_T	C5	NA	NA	synonymous SNV	0	0.42	0.390243902439024	0.551470588235294	0	0	0.50561797752809
chr1_41075164_G_A	C2	NA	NA	.	0	0	0	0	0	0	0.545454545454545
chr1_41583977_T_G	C2	NA	NA	nonsynonymous SNV	0	0	0.25	0	0	0	0
chr1_43416806_A_G	C3	NA	NA	.	0.444444444444444	0	0	0	0	0.857142857142857	0
chr1_44808948_C_T	C1	NA	NA	.	0.5	0.519230769230769	0.675675675675676	0.37037037037037	0	0.421052631578947	0.409448818897638
chr1_46320489_T_G	C1	NA	NA	.	0.368421052631579	0.388888888888889	0.388888888888889	0.6	0	0	0.478260869565217
chr1_46885362_T_A	C3	NA	NA	.	0.714285714285714	0	0	0	0	0.636363636363636	0
chr1_48818160_C_G	C5	NA	NA	.	0	0.341121495327103	0.385135135135135	0.614457831325301	0	0	0.423076923076923
chr1_64678258_C_T	C1	NA	NA	unknown	0.575342465753425	0.670731707317073	0.684931506849315	0.283333333333333	0.666666666666667	0.482758620689655	0.490196078431373
chr1_65918746_G_A	C3	NA	NA	synonymous SNV	0.436974789915966	0.0503597122302158	0	0	0.493421052631579	0.385964912280702	0
chr1_70862349_G_A	C4	NA	NA	.	0	0	0	0	0.38961038961039	0	0
chr1_83436983_G_A	C3	NA	NA	.	0	0	0	0	0	0.9	0
chr1_8750612_G_A	C1	NA	NA	.	0.388888888888889	0.576923076923077	0.6875	0.5	0	0.346153846153846	0.65
chr1_88833395_G_A	C1	NA	NA	nonsynonymous SNV	0.519736842105263	0.460606060606061	0.525252525252525	0.453900709219858	0	0.577586206896552	0.542168674698795
chr1_971308_A_C	C1	NA	NA	.	0.292682926829268	0.255813953488372	0.160493827160494	0.32183908045977	0.557692307692308	0.432203389830508	0.458715596330275
chr1_9725063_G_A	C3	NA	NA	.	0	0	0	0	0	0.333333333333333	0
chr1_97549573_T_C	C5	NA	NA	nonsynonymous SNV	0	0.45	0.529411764705882	0.36	0	0	0.483870967741935
chr10_106688235_G_A	C4	NA	NA	nonsynonymous SNV	0	0	0	0	0.615384615384615	0	0
chr10_110575266_G_T	C1	NA	NA	.	0.785714285714286	0.551020408163265	0.5	0	0	0.380952380952381	0.518518518518518
chr10_113592408_C_T	C1	NA	NA	.	0.538461538461538	0.772727272727273	0.555555555555556	0.75	0.714285714285714	0.588235294117647	0
chr10_122249412_T_C	C1	NA	NA	.	0.75	0.444444444444444	0.529411764705882	0.705882352941177	0.740740740740741	0.608695652173913	0.461538461538462
chr10_122586225_T_C	C2	NA	NA	nonsynonymous SNV	0	0	0.313725490196078	0	0	0	0
chr10_123149694_G_A	C1	NA	NA	synonymous SNV	0.398058252427184	0.490322580645161	0.475	0	0	0.430894308943089	0.59047619047619
chr10_17690308_G_A	C2	NA	NA	.	0	0	0.265060240963855	0	0	0	0
chr10_22961897_G_A	C1	NA	NA	nonsynonymous SNV	0.52	0.525641025641026	0.611111111111111	0.476190476190476	0	0.39344262295082	0.473684210526316
chr10_30689436_C_T	C1	NA	NA	.	0.243243243243243	0.21969696969697	0.514285714285714	0.398148148148148	0.423529411764706	0.25	0.260416666666667
chr10_3099254_G_T	C2	NA	NA	.	0	0	0	0	0	0	0.432432432432432
chr10_37820423_C_A	C2	NA	NA	.	0	0	0	0	0	0	0.212765957446809
chr10_42148939_A_C	C5	NA	NA	.	0.3	0	0.428571428571429	0.75	0	0	0
chr10_45127322_C_A	C2	NA	NA	.	0	0	0.253968253968254	0.032967032967033	0	0	0.038961038961039
chr10_46357194_C_A	C5	NA	NA	.	0	0.333333333333333	0	0.588235294117647	0.461538461538462	0.384615384615385	0
chr10_46384605_G_A	C1	NA	NA	.	0.25	0.416666666666667	0.875	0.655172413793103	0.555555555555556	0.708333333333333	0.388888888888889
chr10_5132515_C_T	C1	NA	NA	.	0.526315789473684	0.225806451612903	0.533333333333333	0.32	0.722222222222222	0.829268292682927	0.5
chr10_54600304_G_T	C1	NA	NA	.	0.4	0.4	0	0	0	0.875	0
chr10_63848050_T_C	C3	NA	NA	.	0.388888888888889	0	0	0	0	0	0
chr10_70600326_G_A	C1	PRF1	PRF1	.	0.44047619047619	0.469387755102041	0.88135593220339	0.467213114754098	0	0.469135802469136	0.464912280701754
chr10_71713298_G_A	C5	NA	NA	.	0	0.549180327868853	0	0.833333333333333	0	0	0
chr10_71761568_G_A	C1	NA	NA	.	0.373493975903614	0.335504885993485	0.419354838709677	0.00925925925925926	0	0.492836676217765	0.454183266932271
chr10_73575540_T_C	C4	NA	NA	nonsynonymous SNV	0	0.033112582781457	0	0	0.507042253521127	0	0
chr10_74843400_C_G	C2	NA	KAT6B	unknown	0	0	0.246153846153846	0	0	0	0
chr10_80082019_G_T	C2	NA	NA	.	0	0	0.28	0	0	0	0
chr10_88591601_A_C	C5	NA	NA	.	0	0.416666666666667	0	0	0	0	0
chr10_95336562_C_T	C5	NA	NA	nonsynonymous SNV	0	0.519774011299435	0.65979381443299	0.428571428571429	0	0	0.360824742268041
chr10_95367775_C_A	C5	NA	NA	.	0	0.25	0	0	0	0	0
chr10_97598800_C_T	C1	NA	NA	unknown	0.386792452830189	0.483660130718954	0	0.512820512820513	0.483870967741935	0.503759398496241	0
chr11_102713423_G_A	C2	NA	NA	unknown	0	0	0.375	0	0	0	0
chr11_105030484_T_C	C4	NA	NA	nonsynonymous SNV	0	0	0	0	0.447368421052632	0	0
chr11_10853884_G_T	C1	NA	NA	synonymous SNV	0.519125683060109	0.810526315789474	0.48062015503876	0.255474452554745	0.753694581280788	0.449760765550239	0.458823529411765
chr11_113809020_T_G	C5	NA	NA	.	0	0.5	0	0	0	0	0
chr11_117465191_A_T	C1	NA	NA	.	0.426666666666667	0.514851485148515	0.85	0.626373626373626	0.589285714285714	0.397959183673469	0.445652173913043
chr11_118407152_G_A	C2	NA	NA	.	0	0	0	0	0	0	0.444444444444444
chr11_118661403_C_T	C1	NA	NA	nonsynonymous SNV	0.590163934426229	0.354285714285714	0.495934959349593	0.475308641975309	0.511494252873563	0.390243902439024	0.418478260869565
chr11_119728581_C_A	C1	NA	NA	.	0.566666666666667	0.369230769230769	0.396551724137931	0.466666666666667	0	0.454545454545455	0.543859649122807
chr11_121162291_C_T	C4	NA	NA	synonymous SNV	0	0	0	0	0.505882352941176	0	0
chr11_130233232_C_G	C1	NA	NA	.	0.454545454545455	0.4	0.625	0	0	0	0.4
chr11_16783615_A_G	C2	NA	NA	.	0	0	0	0	0	0	0.478260869565217
chr11_16803433_A_C	C3	NA	NA	.	0.241379310344828	0	0	0	0	0.388888888888889	0
chr11_18297478_G_T	C2	NA	NA	.	0	0	0.533333333333333	0	0	0	0
chr11_18407015_T_A	C4	NA	NA	.	0	0	0	0	0.222222222222222	0	0
chr11_193925_G_A	C1	NA	NA	.	0	0.285714285714286	0.36	0.333333333333333	0.567567567567568	0.571428571428571	0.392857142857143
chr11_30233600_A_C	C1	NA	NA	nonsynonymous SNV	0.473684210526316	0.897058823529412	0.595505617977528	0.626865671641791	0.82089552238806	0.507692307692308	0.463157894736842
chr11_36575576_G_A	C4	NA	NA	nonsynonymous SNV	0	0.216216216216216	0	0	0	0	0
chr11_44144434_C_G	C4	NA	EXT2	.	0	0	0	0	0.52	0	0
chr11_46377057_T_A	C5	NA	NA	.	0	0	0.392857142857143	0.153846153846154	0	0	0
chr11_48227960_G_T	C3	NA	NA	.	0.32	0	0	0	0	0.571428571428571	0
chr11_49119561_T_C	C2	NA	NA	.	0	0	0	0	0	0	0.428571428571429
chr11_49952855_G_T	C4	NA	NA	nonsynonymous SNV	0	0.0333333333333333	0	0	0.371621621621622	0	0
chr11_5323381_G_C	C3	NA	NA	nonsynonymous SNV	0.448	0	0	0	0	0.390977443609023	0
chr11_55828151_C_A	C4	NA	NA	synonymous SNV	0	0.333333333333333	0	0	0	0	0
chr11_56122470_T_C	C3	NA	NA	nonsynonymous SNV	0.492890995260663	0	0	0	0	0.503703703703704	0
chr11_5788263_G_T	C5	NA	NA	nonsynonymous SNV	0	0.277777777777778	0	0.449152542372881	0	0	0
chr11_61429123_G_A	C5	NA	NA	.	0	0.609756097560976	0	0.456521739130435	0	0	0.452380952380952
chr11_63375600_G_T	C2	NA	NA	.	0	0	0	0	0	0	0.351351351351351
chr11_6456729_G_A	C4	NA	NA	nonsynonymous SNV	0	0.053639846743295	0	0	0.41	0	0
chr11_6609969_G_C	C1	NA	NA	nonsynonymous SNV	0.418994413407821	0.346590909090909	0.465277777777778	0.605839416058394	0	0.394366197183099	0.486577181208054
chr11_66471461_C_T	C2	NA	NA	.	0	0	0	0	0	0	0.333333333333333
chr11_72698830_G_A	C1	NA	NA	.	0.5	0	0.777777777777778	0	0.5	0	0.6
chr11_75089335_G_A	C1	NA	NA	nonsynonymous SNV	0.492307692307692	0.480519480519481	0.480769230769231	0.789473684210526	0.602409638554217	0.79	0.873563218390805
chr11_89177934_T_G	C5	NA	NA	.	0	0.565217391304348	0	0.516666666666667	0	0	0.562091503267974
chr11_92355027_G_A	C3	FAT3	FAT3	nonsynonymous SNV	0.363636363636364	0	0	0	0	0	0
chr12_104339021_C_G	C2	NA	NA	.	0	0	0	0	0	0	0.296296296296296
chr12_105152461_G_A	C5	NA	NA	.	0	0.264150943396226	0.333333333333333	0	0	0	0.4
chr12_106662191_G_A	C1	NA	NA	.	0.526315789473684	0.392405063291139	0.378787878787879	0.311475409836066	0	0.52	0.328767123287671
chr12_110866695_T_C	C1	NA	NA	.	0.161290322580645	0.325581395348837	0.484848484848485	0.823529411764706	0.266666666666667	0.25	0.425
chr12_112283186_A_C	C5	NA	NA	stopgain	0	0.181818181818182	0	0	0	0.0326797385620915	0.294117647058824
chr12_11308615_G_C	C1	NA	NA	nonsynonymous SNV	0.289473684210526	0.223021582733813	0.670454545454545	0.371681415929204	0.429824561403509	0.298245614035088	0.315068493150685
chr12_11467553_G_A	C4	NA	NA	.	0	0	0	0	0.724137931034483	0.25	0
chr12_117582328_C_T	C4	NA	NA	synonymous SNV	0	0.051948051948052	0	0	0.446575342465753	0	0
chr12_1183244_A_T	C5	NA	ERC1	.	0	0.15625	0	0.791666666666667	0	0	0
chr12_120194479_C_A	C4	NA	NA	.	0	0	0	0	0.5	0	0
chr12_122206237_G_A	C1	NA	NA	.	0	0.25	0.5	0.5	0.722222222222222	0.384615384615385	0
chr12_124964967_G_A	C1	NA	NA	unknown	0.416666666666667	0.264150943396226	0.371134020618557	0.616279069767442	0	0.314814814814815	0.548387096774194
chr12_128864336_G_A	C1	NA	NA	.	0.625	0.821428571428571	0.842105263157895	0.461538461538462	0.620689655172414	0.6	0.833333333333333
chr12_130442711_C_T	C3	NA	NA	.	0.421052631578947	0	0	0	0	0.390243902439024	0
chr12_131908906_G_A	C4	NA	NA	unknown	0	0	0	0	0.444915254237288	0	0
chr12_132680626_T_C	C1	NA	POLE	nonsynonymous SNV	0.422413793103448	0.432432432432432	0.666666666666667	0.5	0.509433962264151	0.556521739130435	0.455357142857143
chr12_132776610_G_A	C3	NA	NA	.	0.28	0.1	0	0	0	0	0
chr12_14434478_C_T	C2	NA	NA	.	0	0	0	0	0	0	0.615384615384615
chr12_15682802_G_T	C3	NA	NA	.	0.210526315789474	0	0	0	0	0	0
chr12_1786042_C_T	C4	NA	NA	unknown	0	0.0714285714285714	0	0	0.391304347826087	0	0
chr12_17887_G_A	C5	NA	NA	.	0.272727272727273	0.241935483870968	0.358974358974359	0	0.308823529411765	0.0634920634920635	0.333333333333333
chr12_20815871_T_G	C2	NA	NA	.	0	0	0	0	0	0	0.588235294117647
chr12_21174568_C_A	C4	NA	NA	.	0	0	0	0	0.393939393939394	0	0
chr12_2512867_C_T	C1	NA	NA	nonsynonymous SNV	0.447368421052632	0.79	0.732394366197183	0.477272727272727	0.53	0.438775510204082	0.488888888888889
chr12_31096291_T_C	C1	NA	NA	.	0.407407407407407	0.428571428571429	0.64	0.52	0.59375	0.347826086956522	0.454545454545455
chr12_31096310_T_A	C1	NA	NA	.	0.333333333333333	0.37037037037037	0.75	0.5	0.394736842105263	0.385964912280702	0.433333333333333
chr12_40479189_A_C	C5	NA	NA	.	0.210227272727273	0.173684210526316	0.103658536585366	0.386666666666667	0	0.227848101265823	0.263959390862944
chr12_40528127_G_T	C5	NA	NA	.	0.173469387755102	0.18348623853211	0.23728813559322	0.28735632183908	0	0.207142857142857	0.28695652173913
chr12_42459833_C_A	C2	NA	NA	nonsynonymous SNV	0	0	0.337837837837838	0	0	0	0.392523364485981
chr12_52472141_C_T	C1	NA	NA	unknown	0.25	0.234042553191489	0.294871794871795	0.242857142857143	0.3125	0.320987654320988	0.327272727272727
chr12_55026492_C_T	C4	NA	NA	unknown	0	0	0	0	0.538461538461538	0	0
chr12_56712905_C_T	C2	NA	NA	nonsynonymous SNV	0	0	0	0	0	0	0.419889502762431
chr12_57093550_C_T	C5	NA	NAB2	unknown	0	0.112244897959184	0	0.461538461538462	0	0	0
chr12_57201802_C_T	C4	NA	NA	synonymous SNV	0	0.047244094488189	0	0	0.504310344827586	0	0
chr12_57256170_C_T	C3	NA	NA	.	0	0	0	0	0	0.269230769230769	0
chr12_5732450_G_A	C1	NA	NA	.	0.4	0.37037037037037	0.740740740740741	0.708333333333333	0.851851851851852	0.475	0.777777777777778
chr12_64740780_T_G	C5	NA	NA	.	0	0.290322580645161	0	0.548387096774194	0	0	0
chr12_6824552_A_T	C1	NA	NA	unknown	0.423076923076923	0.219512195121951	0.347826086956522	0.507462686567164	0.346153846153846	0.46031746031746	0.307692307692308
chr12_9009890_G_T	C2	NA	NA	.	0	0	0.379310344827586	0	0	0	0
chr12_9182153_A_C	C2	NA	NA	.	0	0	0	0	0	0	0.476190476190476
chr12_9304242_G_A	C5	NA	NA	.	0.285714285714286	0.611111111111111	0	0.647058823529412	0	0.259259259259259	0
chr12_9311464_G_C	C1	NA	NA	.	0	0.285714285714286	0	0.517241379310345	0.379310344827586	0.777777777777778	0
chr12_94548245_C_T	C2	NA	NA	.	0	0	0	0	0	0	0.636363636363636
chr12_9681121_C_T	C2	NA	NA	.	0	0	0	0	0	0	0.857142857142857
chr12_99084891_T_C	C5	NA	NA	.	0	0	0	0.293103448275862	0	0	0
chr13_100368383_G_T	C2	NA	NA	.	0	0	0	0	0	0	0.833333333333333
chr13_113992700_A_G	C5	NA	NA	.	0.411764705882353	0	0	0	0	0	0.571428571428571
chr13_22668282_T_C	C4	NA	NA	.	0	0.0330578512396694	0	0	0.252747252747253	0	0
chr13_24789925_T_A	C5	NA	NA	.	0	0.363636363636364	0	0	0	0	0
chr13_25532237_T_G	C2	NA	NA	.	0	0	0	0	0	0	0.242424242424242
chr13_25540298_T_C	C2	NA	NA	.	0	0	0	0	0	0	0.403846153846154
chr13_33112902_C_T	C4	NA	NA	nonsynonymous SNV	0	0	0	0	0.364406779661017	0	0
chr13_36329440_T_G	C1	NA	NA	nonsynonymous SNV	0.524752475247525	0.43979057591623	0.532846715328467	0.518987341772152	0.358381502890173	0.469565217391304	0.891791044776119
chr13_42606599_G_A	C2	NA	NA	nonsynonymous SNV	0	0	0	0	0	0	0.232067510548523
chr13_44949744_T_C	C3	NA	NA	unknown	0.258620689655172	0	0	0	0.0576923076923077	0.06	0
chr13_52468379_G_T	C5	NA	NA	.	0	0	0	0.225	0	0	0
chr13_61413349_C_T	C2	NA	NA	synonymous SNV	0	0	0	0	0	0	0.33495145631068
chr13_65310318_C_T	C4	NA	NA	.	0	0	0	0	0.368421052631579	0	0
chr13_66231780_G_T	C1	NA	NA	.	0.259259259259259	0	0.736842105263158	0	0.6	0.388888888888889	0
chr13_66231827_A_G	C5	NA	NA	.	0	0	0.45	0	0.541666666666667	0.388888888888889	0
chr13_71573460_G_A	C3	NA	NA	nonsynonymous SNV	0.640350877192982	0	0	0	0	0.596638655462185	0
chr13_77257868_G_A	C5	NA	NA	.	0	0.315789473684211	0	0.609756097560976	0	0	0
chr13_77903624_C_T	C1	NA	NA	.	0.531034482758621	0.23469387755102	0.375	0	0.5	0	0.420168067226891
chr13_95021487_C_T	C3	NA	NA	.	0.803921568627451	0	0	0	0	0.6	0
chr14_102319734_C_G	C2	NA	NA	.	0	0	0	0	0	0	0.428571428571429
chr14_103451940_A_C	C2	NA	NA	nonsynonymous SNV	0	0	0.328947368421053	0	0	0	0
chr14_105497773_C_T	C3	NA	NA	.	0.415584415584416	0	0	0	0	0.604938271604938	0
chr14_105666724_C_A	C5	NA	NA	.	0.225806451612903	0.303030303030303	0.1875	0.413793103448276	0	0.0714285714285714	0
chr14_105901061_C_G	C2	NA	NA	.	0	0	0	0	0	0	0.429223744292237
chr14_106037724_A_G	C1	NA	NA	.	0.882352941176471	0	0	0	0.692307692307692	0.588235294117647	0.428571428571429
chr14_106324860_G_A	C1	NA	NA	.	0.678571428571429	0.513513513513513	0.357142857142857	0.619047619047619	0.24	0.64	0.382352941176471
chr14_18635093_G_A	C1	NA	NA	.	0	0.75	0	0	0	0.409090909090909	0.428571428571429
chr14_20345364_A_C	C3	NA	NA	.	0.432258064516129	0	0	0	0	0.380681818181818	0
chr14_21736114_T_G	C5	NA	NA	.	0	0.5	0	0.115384615384615	0	0	0
chr14_22003488_T_C	C3	NA	NA	synonymous SNV	0.447619047619048	0	0	0	0	0.468292682926829	0
chr14_22770747_G_A	C2	NA	NA	.	0	0	0	0	0	0	0.476190476190476
chr14_23209060_G_T	C5	NA	NA	.	0	0.666666666666667	0	0	0	0	0
chr14_24052027_G_C	C5	NA	NA	.	0	0.565217391304348	0	0.111111111111111	0	0.470588235294118	0.769230769230769
chr14_24632234_C_T	C5	NA	NA	.	0.0254237288135593	0.0490196078431373	0.5	0.11	0.246376811594203	0.0327868852459016	0.333333333333333
chr14_26448776_A_C	C3	NA	NA	nonsynonymous SNV	0.443262411347518	0	0	0	0	0.458646616541353	0
chr14_37737602_T_G	C4	NA	NA	.	0	0.25	0	0	0	0	0
chr14_50118208_A_C	C1	NA	NA	.	0.818181818181818	0.681818181818182	0.791044776119403	0.37037037037037	0.375	0.705882352941177	0.811320754716981
chr14_52707166_G_C	C1	NA	NA	.	0.305555555555556	0.278969957081545	0.269406392694064	0.692307692307692	0.551724137931034	0.458333333333333	0.246346555323591
chr14_54784283_C_A	C1	NA	NA	.	0.838709677419355	0.472222222222222	0	0.518518518518518	0.548387096774194	0.485714285714286	0
chr14_57042424_G_A	C1	NA	NA	.	0.636363636363636	0	0	0.823529411764706	0	0	0
chr14_57044923_G_A	C3	NA	NA	.	0	0	0	0	0.222222222222222	0.375	0
chr14_65279701_C_T	C4	NA	NA	.	0	0	0	0	0.395061728395062	0	0
chr14_76462595_C_T	C1	NA	NA	nonsynonymous SNV	0.452702702702703	0.456730769230769	0.364406779661017	0.481203007518797	0	0.371794871794872	0.359116022099448
chr14_82872666_G_A	C5	NA	NA	.	0	0.392857142857143	0	0	0	0	0
chr14_95449910_A_G	C4	NA	NA	.	0	0	0	0	0.431818181818182	0	0
chr14_96796520_A_C	C2	NA	NA	.	0	0	0	0	0	0	0.615384615384615
chr15_101744241_T_C	C5	NA	NA	.	0	0.6	0	0	0.785714285714286	0	0.235294117647059
chr15_22589776_G_T	C5	NA	NA	.	0.189189189189189	0.222222222222222	0	0.363636363636364	0.433333333333333	0	0.181818181818182
chr15_23129877_T_G	C1	NA	NA	synonymous SNV	0.296296296296296	0.151515151515152	0.297297297297297	0.266666666666667	0.386363636363636	0.256410256410256	0.464285714285714
chr15_23129901_T_C	C1	NA	NA	nonsynonymous SNV	0.375	0.24	0.44	0	0.475	0.4	0.666666666666667
chr15_26548004_T_G	C1	NA	NA	nonsynonymous SNV	0.460526315789474	0.333333333333333	0.0608108108108108	0.524590163934426	0	0.422222222222222	0
chr15_28763549_G_A	C1	NA	NA	.	0	0	0.4	0	0	0.631578947368421	0.75
chr15_34495737_C_T	C3	NA	NA	.	0.390243902439024	0	0	0	0	0.547169811320755	0
chr15_41784188_C_T	C1	NA	NA	.	0.431818181818182	0.231481481481481	0.466666666666667	0.454545454545455	0	0.532258064516129	0.489130434782609
chr15_45175177_C_T	C4	NA	NA	.	0	0	0	0	0.391304347826087	0	0
chr15_49923409_G_C	C2	NA	NA	synonymous SNV	0	0	0	0	0	0	0.369230769230769
chr15_52353511_C_A	C5	NA	MYO5A	.	0	0	0	0.5	0	0	0
chr15_59689288_G_A	C5	NA	NA	synonymous SNV	0	0.606299212598425	0.0476190476190476	0.0344827586206897	0	0	0.369047619047619
chr15_68965491_C_G	C1	NA	NA	.	0.266666666666667	0.666666666666667	0.533333333333333	0	0	0.5	0
chr15_68965580_C_G	C1	NA	NA	.	0	0.363636363636364	0.538461538461538	0	0	0	0.857142857142857
chr15_69035456_G_A	C3	NA	NA	nonsynonymous SNV	0.483516483516484	0	0	0	0	0.407692307692308	0
chr15_70832071_C_A	C4	NA	NA	nonsynonymous SNV	0	0	0	0	0.472222222222222	0	0
chr15_74022914_G_A	C1	NA	PML	nonsynonymous SNV	0.533707865168539	0.806818181818182	0.358208955223881	0.602564102564103	0.608910891089109	0.344086021505376	0.404761904761905
chr15_75012813_C_T	C3	NA	NA	.	0.482352941176471	0	0	0	0	0.488888888888889	0
chr15_75347865_G_T	C4	NA	NA	.	0	0	0	0	0.472222222222222	0	0
chr15_75366437_T_G	C4	NA	NA	.	0	0	0	0	0.45	0	0
chr15_75785476_T_C	C1	NA	NA	.	0.172413793103448	0	0	0.535714285714286	0.576923076923077	0.416666666666667	0.285714285714286
chr15_76260829_C_T	C5	NA	NA	.	0.178571428571429	0.0606060606060606	0.377358490566038	0	0.516129032258065	0.0625	0.0615384615384615
chr15_77923943_A_C	C5	NA	NA	.	0	0	0	0.272727272727273	0.25	0	0
chr15_82523943_T_C	C1	NA	NA	.	0.258064516129032	0.36094674556213	0.346774193548387	0.390243902439024	0.514124293785311	0.392045454545455	0.318918918918919
chr15_83041763_C_T	C4	NA	NA	nonsynonymous SNV	0	0.0317460317460317	0	0	0.342857142857143	0	0
chr15_84403698_C_T	C3	NA	NA	.	0.210526315789474	0	0	0	0	0	0
chr15_84424554_G_A	C5	NA	NA	.	0	0	0	0	0	0.36	0.375
chr15_86556301_T_A	C3	NA	NA	.	0	0	0	0	0	0.423728813559322	0
chr15_87028729_G_C	C4	NA	NA	.	0	0	0	0	0.440677966101695	0	0
chr15_87933031_C_A	C5	NTRK3	NTRK3	nonsynonymous SNV	0	0.288135593220339	0.0588235294117647	0.209302325581395	0	0	0.315068493150685
chr15_90360886_G_A	C5	NA	NA	nonsynonymous SNV	0	0.444444444444444	0.388059701492537	0.06	0	0	0.476923076923077
chr16_14975345_T_C	C1	NA	NA	.	0.247933884297521	0.212837837837838	0.371951219512195	0.407582938388626	0.203125	0.343629343629344	0.0431372549019608
chr16_16141387_C_T	C5	NA	NA	.	0	0.425	0	0.542857142857143	0	0	0
chr16_21559334_T_C	C3	NA	NA	.	0	0	NA	0	0	0.818181818181818	0
chr16_21559339_G_A	C3	NA	NA	.	0	0	NA	0	0	0.818181818181818	0
chr16_48952346_A_G	C1	NA	NA	.	0.230769230769231	0	0.45	0.291666666666667	0.4	0.217391304347826	0.5
chr16_5014911_G_A	C4	NA	NA	unknown	0	0	0	0	0.564971751412429	0	0
chr16_55764732_C_G	C5	NA	NA	.	0.147058823529412	0.794117647058823	0.304347826086957	0.404761904761905	0.477272727272727	0.152777777777778	0
chr16_56942161_C_T	C1	NA	HERPUD1	nonsynonymous SNV	0.314102564102564	0.364963503649635	0.56	0.422222222222222	0.531914893617021	0.338235294117647	0.5
chr16_64971823_T_A	C2	CDH11	CDH11	.	0	0	0	0	0	0	0.5
chr16_68296479_G_A	C2	NA	NA	nonsynonymous SNV	0	0	0	0	0	0	0.416184971098266
chr16_69799201_T_G	C1	NA	NA	nonsynonymous SNV	0.373333333333333	0.496	0.721153846153846	0.467391304347826	0.558333333333333	0.327586206896552	0
chr16_71067308_G_T	C1	NA	NA	nonsynonymous SNV	0.277227722772277	0.549668874172185	0.4296875	0.783582089552239	0.748344370860927	0.340909090909091	0
chr16_72008785_A_G	C2	NA	NA	synonymous SNV	0	0	0.3515625	0	0	0	0
chr16_722520_C_A	C1	NA	NA	nonsynonymous SNV	0.455882352941176	0.419354838709677	0.883116883116883	0.485714285714286	0.532608695652174	0.795180722891566	0.480769230769231
chr16_77325945_C_T	C1	NA	NA	unknown	0.27891156462585	0.546875	0.410071942446043	0.824242424242424	0.602409638554217	0.307420494699647	0
chr16_791944_G_A	C1	NA	NA	nonsynonymous SNV	0.483568075117371	0.523076923076923	0.897142857142857	0.477272727272727	0.506024096385542	0.483412322274882	0.552631578947368
chr16_84070700_G_A	C4	NA	NA	unknown	0	0	0	0	0.370786516853933	0	0
chr16_8779795_G_A	C1	NA	NA	.	0.555555555555556	0.348837209302326	0	0.6	0.741935483870968	0.454545454545455	0.274509803921569
chr17_11902988_C_A	C1	NA	NA	.	0.34375	0.583333333333333	0.566666666666667	0.586206896551724	0.638888888888889	0.4	0.608695652173913
chr17_1228365_G_A	C1	NA	NA	.	0.578947368421053	0.583333333333333	0.5	0.521739130434783	0.541666666666667	0.736842105263158	0.5
chr17_16025229_T_A	C1	NA	NA	.	0	0.785714285714286	0.6	0.5	0.538461538461538	0.411764705882353	0.6
chr17_16762255_C_T	C5	NA	NA	.	0	0	0.368421052631579	0	0	0.214285714285714	0
chr17_1745097_G_C	C3	NA	NA	.	0.476190476190476	0	0	0	0	0.546666666666667	0
chr17_20556163_C_T	C4	NA	NA	.	0	0	0.0461538461538462	0	0.391304347826087	0.0652173913043478	0
chr17_20589494_C_G	C1	NA	NA	.	0.115384615384615	0.314814814814815	0.261904761904762	0.379310344827586	0.552631578947368	0.184210526315789	0.4
chr17_28227690_T_C	C4	NA	NA	.	0	0	0	0	0.6875	0	0
chr17_30068862_T_A	C5	NA	NA	.	0	0.375	0	0.4375	0	0	0
chr17_34319691_T_G	C5	NA	NA	.	0	0	0	0	0	0.464285714285714	0.288888888888889
chr17_34637599_G_A	C5	NA	NA	synonymous SNV	0	0.04	0	0.282758620689655	0	0	0
chr17_3514639_C_T	C4	NA	NA	synonymous SNV	0	0	0	0	0.398496240601504	0	0
chr17_3854651_G_A	C1	NA	NA	.	0.403508771929825	0.370967741935484	0.679245283018868	0.441860465116279	0.5	0.62962962962963	0.212121212121212
chr17_39183678_C_T	C2	NA	NA	.	0	0	0	0	0	0	0.5
chr17_39699671_T_C	C2	ERBB2	NA	.	0	0	0.5	0	0	0	0
chr17_39723297_T_A	C1	ERBB2	ERBB2	.	0.325	0.122699386503067	0.517647058823529	0.417582417582418	0.527777777777778	0.363636363636364	0.197368421052632
chr17_41767595_A_T	C1	NA	NA	.	0.409638554216867	0.277777777777778	0.78125	0.714285714285714	0.567164179104478	0.55	0.520833333333333
chr17_44315090_G_A	C5	NA	NA	.	0	0.2125	0	0.5	0	0	0
chr17_44376049_G_A	C5	NA	NA	.	0	0.423076923076923	0	0.495327102803738	0	0	0
chr17_45585280_A_G	C1	NA	NA	.	0.407407407407407	0.333333333333333	0.452380952380952	0.684210526315789	0.51219512195122	0.516129032258065	0.39622641509434
chr17_45585285_G_T	C1	NA	NA	.	0.5	0.365853658536585	0.463414634146341	0.837837837837838	0.567567567567568	0.5625	0.479166666666667
chr17_4607546_C_T	C2	NA	NA	.	0	0	0	0	0	0	0.535714285714286
chr17_46243721_C_T	C1	NA	NA	.	0.608695652173913	0.396551724137931	0.758620689655172	0.420289855072464	0	0.4	0.5
chr17_4719452_G_A	C2	NA	NA	.	0	0	0	0	0	0	0.450980392156863
chr17_47660950_G_A	C4	NA	NA	.	0	0.24	0	0	0.9	0	0
chr17_49409334_C_T	C3	NA	NA	synonymous SNV	0.493975903614458	0	0	0	0	0.526881720430108	0
chr17_51633608_T_A	C2	NA	NA	nonsynonymous SNV	0	0	0.37037037037037	0	0	0	0
chr17_55141470_T_G	C2	NA	NA	.	0	0	0	0	0	0	0.285714285714286
chr17_5721454_C_T	C3	NA	NA	.	0.444444444444444	0	0	0	0	0	0
chr17_59070709_A_C	C2	NA	NA	.	0	0	0	0	0	0	0.75
chr17_64043994_G_A	C1	NA	NA	unknown	0.625	0.56140350877193	0.36231884057971	0.387096774193548	0.444444444444444	0.433628318584071	0.625
chr17_68351505_G_A	C1	NA	NA	.	0.444444444444444	0.4	0.56	0.636363636363636	0	0.558139534883721	0.461538461538462
chr17_68551797_C_A	C2	NA	NA	.	0	0	0.84	0	0	0	0.458333333333333
chr17_69309285_G_A	C2	NA	NA	nonsynonymous SNV	0	0	0.292307692307692	0	0	0	0
chr17_7384207_C_T	C5	NA	NA	nonsynonymous SNV	0	0.233333333333333	0	0.513513513513513	0	0	0
chr17_74846857_C_T	C2	NA	NA	nonsynonymous SNV	0	0	0	0	0	0	0.337979094076655
chr17_76904023_C_T	C1	NA	NA	.	0.5	0	0	0	0.5	0	0
chr17_7733018_C_T	C5	NA	NA	.	0	0	0	0.48	0	0	0
chr17_78571621_C_T	C2	NA	NA	nonsynonymous SNV	0	0	0	0	0	0	0.298507462686567
chr17_78992755_C_T	C1	NA	CANT1	.	0.338709677419355	0.51219512195122	0.5	0.325581395348837	0.511111111111111	0.391666666666667	0.666666666666667
chr17_80325138_G_A	C1	RNF213	RNF213	nonsynonymous SNV	0.6171875	0.56	0.543478260869565	0.570247933884298	0.702127659574468	0.359504132231405	0.384057971014493
chr17_81251137_C_T	C1	NA	NA	.	0.692307692307692	0	0.5	0	0	0.526315789473684	0.578947368421053
chr17_82284274_T_C	C5	NA	NA	.	0	0	0	0.588235294117647	0	0	0
chr17_82582751_G_T	C1	NA	NA	unknown	0.471698113207547	0.447368421052632	0.589285714285714	0.478260869565217	0	0.579710144927536	0.461538461538462
chr18_12875112_T_A	C5	NA	NA	.	0	0	0	0.7	0	0	0
chr18_14478404_T_C	C4	NA	NA	.	0	0.222222222222222	0	0	0	0	0
chr18_23710150_C_T	C1	NA	NA	.	0.722222222222222	0.442622950819672	0.5	0.257142857142857	0.428571428571429	0.796610169491525	0.145161290322581
chr18_31961278_T_C	C5	NA	NA	.	0.107142857142857	0.108695652173913	0.55	0.135135135135135	0.535714285714286	0	0
chr18_36249005_G_C	C4	NA	NA	.	0	0.150943396226415	0	0	0.653333333333333	0	0
chr18_51196442_G_T	C5	NA	NA	.	0	0.3	0.289473684210526	0	0	0	0.592592592592593
chr18_62114567_A_G	C1	NA	NA	synonymous SNV	0.25	0	0.785714285714286	0	0.714285714285714	0.233333333333333	0
chr18_7032828_T_A	C5	NA	NA	.	0	0	0	0.714285714285714	0	0	0
chr19_10467428_C_T	C5	NA	NA	nonsynonymous SNV	0	0.639751552795031	0.103703703703704	0.413978494623656	0.532467532467532	0	0.53804347826087
chr19_12581514_G_C	C4	NA	NA	unknown	0	0	0	0	0.521739130434783	0	0
chr19_14518485_G_C	C1	NA	NA	.	0.666666666666667	0.611111111111111	0.611111111111111	0.55	0.558823529411765	0.823529411764706	0.5625
chr19_15113414_G_C	C1	NA	NA	.	0.625	0.571428571428571	0	0.6	0.65	0.714285714285714	0.857142857142857
chr19_15540532_G_A	C1	NA	NA	nonsynonymous SNV	0.510489510489511	0.837837837837838	0.414414414414414	0.491525423728814	0.571428571428571	0.464516129032258	0.503703703703704
chr19_1577921_C_T	C2	NA	NA	.	0	0	0	0	0	0	0.666666666666667
chr19_1646235_G_A	C4	NA	TCF3	.	0	0	0	0	0.781818181818182	0	0
chr19_16576847_C_T	C1	NA	NA	nonsynonymous SNV	0.471428571428571	0.444444444444444	0.125	0.553398058252427	0.46078431372549	0.493333333333333	0.565217391304348
chr19_16688248_C_T	C3	NA	NA	unknown	0.514018691588785	0	0	0	0	0.847222222222222	0
chr19_29822670_G_A	C4	NA	CCNE1	.	0	0	0	0	0.285714285714286	0	0
chr19_3480494_G_A	C1	NA	NA	.	0.477611940298507	0.3125	0.291666666666667	0.368421052631579	0.416666666666667	0.63855421686747	0.285714285714286
chr19_36626779_A_C	C2	NA	NA	nonsynonymous SNV	0	0	0	0	0	0	0.449579831932773
chr19_37334996_T_G	C5	NA	NA	.	0.285714285714286	0.371428571428571	0	0	0	0.307692307692308	0
chr19_37335302_T_C	C2	NA	NA	.	0	0	0	0	0	0	0.365853658536585
chr19_37598414_C_T	C5	NA	NA	.	0	0	0	0.233333333333333	0	0	0
chr19_37896320_C_T	C2	NA	NA	.	0	0	0	0	0	0	0.542857142857143
chr19_38836909_A_G	C5	NA	NA	.	0	0	0	0.5	0	0	0
chr19_39879353_G_C	C1	NA	NA	.	0.266666666666667	0.571428571428571	0	0.625	0.642857142857143	0.8	0.684210526315789
chr19_40223484_C_G	C5	NA	NA	nonsynonymous SNV	0	0.259259259259259	0.597826086956522	0	0	0	0.294573643410853
chr19_41625971_A_G	C5	NA	NA	.	0	0.2	0.620689655172414	0	0	0	0.366666666666667
chr19_43548396_A_G	C1	NA	NA	.	0.277777777777778	0	0	0.533333333333333	0.6	0.130434782608696	0.37037037037037
chr19_44115845_G_A	C2	NA	NA	.	0	0	0.344827586206897	0	0	0	0.443609022556391
chr19_45871995_G_A	C4	NA	NA	.	0	0	0	0	0.485714285714286	0	0
chr19_47992057_C_T	C1	NA	NA	nonsynonymous SNV	0.0714285714285714	0.6	0.255813953488372	0.423076923076923	0.489795918367347	0.231707317073171	0.368421052631579
chr19_48282460_C_T	C4	NA	NA	synonymous SNV	0	0.25	0	0	0	0	0
chr19_48713246_C_G	C2	NA	NA	.	0	0	0	0	0	0	0.526785714285714
chr19_49792090_G_A	C1	NA	NA	.	0.75	0.733333333333333	0.378378378378378	0.484848484848485	0.469387755102041	0.672131147540984	0.785714285714286
chr19_51022631_G_A	C2	NA	NA	nonsynonymous SNV	0	0	0.255639097744361	0	0	0	0
chr19_51496967_G_A	C5	NA	NA	synonymous SNV	0	0.319767441860465	0.37037037037037	0	0	0	0.447058823529412
chr19_54129276_C_A	C4	NA	NA	nonsynonymous SNV	0	0.0301369863013699	0	0	0.441471571906354	0	0
chr19_54217387_A_G	C4	NA	NA	nonsynonymous SNV	0	0	0	0	0.25	0.0882352941176471	0
chr19_54217391_G_A	C3	NA	NA	synonymous SNV	0.16	0	0	0	0.257142857142857	0.142857142857143	0
chr19_54217451_C_G	C1	NA	NA	nonsynonymous SNV	0.566666666666667	0.552631578947368	0.470588235294118	0.458333333333333	0.483870967741935	0.447368421052632	0.63265306122449
chr19_54217496_G_T	C1	NA	NA	.	0.666666666666667	0.666666666666667	0.473684210526316	0.785714285714286	0.476190476190476	0.423076923076923	0.71875
chr19_54729923_C_G	C1	NA	NA	.	0.777777777777778	0.4	0.785714285714286	0.428571428571429	0.666666666666667	0.826086956521739	0.8125
chr19_54760277_G_A	C5	NA	NA	.	0	0	0	0.148148148148148	0	0.259259259259259	0.361111111111111
chr19_54769681_C_T	C5	NA	NA	.	0	0	0.933333333333333	0.176470588235294	0	0	0
chr19_54769782_C_T	C5	NA	NA	.	0	0.344262295081967	0.380530973451327	0	0	0	0.563492063492063
chr19_56588084_T_C	C5	NA	NA	.	0	0	0	0.375	0	0	0
chr19_57874460_G_A	C1	NA	NA	unknown	0.777777777777778	0.777777777777778	0.933333333333333	0.739130434782609	0.583333333333333	0.684210526315789	0.6
chr19_5832049_C_T	C3	NA	NA	synonymous SNV	0.495575221238938	0	0	0	0	0.573170731707317	0
chr19_8131325_G_A	C3	NA	NA	.	0.477611940298507	0	0	0	0	0.478260869565217	0
chr19_9235352_A_G	C4	NA	NA	.	0	0.315789473684211	0	0	0	0	0
chr2_108449350_C_T	C2	NA	NA	.	0	0	0	0	0	0	0.443708609271523
chr2_109129953_G_A	C4	NA	NA	nonsynonymous SNV	0	0	0	0	0.391891891891892	0	0
chr2_111856852_G_A	C1	NA	NA	unknown	0.619047619047619	0.179487179487179	0	0.32	0	0.5	0
chr2_113584006_G_T	C1	NA	NA	.	0	0	0.341463414634146	0.184210526315789	0.457142857142857	0.5	0.333333333333333
chr2_113584029_G_A	C1	NA	NA	.	0	0	0	0.2	0.5	0.619047619047619	0.4
chr2_11759797_G_A	C3	NA	NA	.	0	0	0	0	0	0.538461538461538	0
chr2_129993613_C_G	C3	NA	NA	.	0.5	0	0	0	0.25	0	0
chr2_130917488_C_A	C1	NA	NA	nonsynonymous SNV	0.560606060606061	0.75	0.534246575342466	0.369565217391304	0.337662337662338	0.235294117647059	0.397058823529412
chr2_132784652_A_C	C2	NA	NA	stopgain	0	0	0	0	0	0	0.403669724770642
chr2_137663472_G_T	C2	NA	NA	nonsynonymous SNV	0	0	0.255102040816327	0	0	0	0
chr2_154242883_C_A	C2	NA	NA	nonsynonymous SNV	0	0	0.284403669724771	0	0	0	0
chr2_15467889_C_A	C1	NA	NA	.	0	0.555555555555556	0.6	0.5	0.631578947368421	0.714285714285714	0.555555555555556
chr2_165140691_G_A	C2	NA	NA	nonsynonymous SNV	0	0	0	0	0	0	0.433035714285714
chr2_166278065_T_G	C2	NA	NA	.	0	0	0	0	0	0	0.55
chr2_173358754_T_C	C2	NA	NA	nonsynonymous SNV	0	0	0	0	0	0	0.29608938547486
chr2_178576228_C_T	C1	NA	NA	nonsynonymous SNV	0.47098976109215	0.222551928783383	0.473372781065089	0.333333333333333	0	0.570422535211268	0.437086092715232
chr2_178617972_G_A	C1	NA	NA	synonymous SNV	0.465437788018433	0.2882096069869	0.373134328358209	0.322869955156951	0	0.49645390070922	0.39572192513369
chr2_187565633_G_C	C5	NA	NA	.	0	0	0.611111111111111	0	0.379310344827586	0.3	0
chr2_190430624_A_G	C5	NA	NA	.	0.0357142857142857	0.0458715596330275	0.264150943396226	0.0434782608695652	0.26984126984127	0.236363636363636	0.0625
chr2_190987079_A_T	C2	NA	NA	.	0	0	0.255813953488372	0	0	0	0
chr2_1910214_A_C	C1	NA	NA	.	0.304347826086957	0.357142857142857	0.316455696202532	0	0.474137931034483	0.5125	0.901960784313726
chr2_195681083_G_A	C3	NA	NA	.	0.205882352941176	0	0	0	0	0.658536585365854	0
chr2_195706752_G_T	C2	NA	NA	nonsynonymous SNV	0	0.0543478260869565	0.268292682926829	0	0	0	0.131274131274131
chr2_196989525_T_C	C1	NA	NA	.	0.117647058823529	0.156862745098039	0.458333333333333	0	0.236842105263158	0.309859154929577	0.257142857142857
chr2_208121774_G_A	C3	NA	NA	unknown	0	0	0	0	0	0.371428571428571	0
chr2_209933821_G_T	C5	NA	NA	.	0	0.30379746835443	0	0.739130434782609	0	0	0
chr2_219206868_G_A	C3	NA	NA	.	0.613636363636364	0	0	0	0	0.5	0
chr2_233822296_C_T	C5	NA	NA	.	0	0.290502793296089	0.527093596059113	0	0	0	0.451162790697674
chr2_238848418_G_A	C3	NA	NA	nonsynonymous SNV	0.516129032258065	0	0	0	0	0.395833333333333	0
chr2_241475859_G_A	C2	NA	NA	unknown	0	0	0.516129032258065	0	0	0	0
chr2_28602872_C_T	C1	NA	NA	nonsynonymous SNV	0.538461538461538	0.225352112676056	0.487603305785124	0	0	0.412903225806452	0.437037037037037
chr2_43063013_G_A	C1	NA	NA	.	0.347826086956522	0.615384615384615	0.75	0.527777777777778	0.466666666666667	0.310344827586207	0.619047619047619
chr2_4813859_C_T	C3	NA	NA	.	0.714285714285714	0	0	0	0	0.714285714285714	0
chr2_50828134_C_T	C4	NA	NA	.	0	0	0	0	0.478260869565217	0	0
chr2_59135301_C_G	C3	NA	NA	.	0	0	0	0	0	0.777777777777778	0
chr2_63589535_C_G	C1	NA	NA	.	0.5	0.315789473684211	0.333333333333333	0	0.333333333333333	0.607142857142857	0.636363636363636
chr2_64579402_T_G	C5	NA	NA	.	0	0.228070175438596	0	0.176470588235294	0	0	0
chr2_66568742_G_A	C5	NA	NA	nonsynonymous SNV	0	0.258503401360544	0	0.231788079470199	0	0	0
chr2_74519558_T_G	C5	NA	NA	nonsynonymous SNV	0	0.354166666666667	0	0	0	0	0
chr2_80303202_G_A	C5	NA	NA	synonymous SNV	0	0.51010101010101	0.507462686567164	0.272108843537415	0	0	0.374074074074074
chr2_85846360_G_A	C1	NA	NA	.	0.275862068965517	0.404761904761905	0.636363636363636	0	0	0.264705882352941	0.361111111111111
chr2_87128901_C_A	C1	NA	NA	.	0.214285714285714	0.355932203389831	0.28	0.157894736842105	0.390243902439024	0.441860465116279	0.442857142857143
chr2_87128915_G_A	C1	NA	NA	.	0.142857142857143	0.345454545454545	0	0.1875	0.34375	0.5	0.454545454545455
chr2_89046008_T_C	C1	NA	NA	.	0.260606060606061	0.517564402810304	0.150375939849624	0.276	0.460559796437659	0.128463476070529	0.404867256637168
chr2_89268274_C_T	C2	NA	NA	nonsynonymous SNV	0	0	0.0535714285714286	0	0	0	0.484210526315789
chr2_96132649_G_A	C2	NA	NA	synonymous SNV	0	0	0	0	0	0	0.424908424908425
chr2_96839692_C_G	C1	NA	NA	.	0.387323943661972	0.507389162561576	0.484496124031008	0.381756756756757	0.224932249322493	0.384816753926702	0.397810218978102
chr2_98823131_C_T	C1	NA	NA	unknown	0.5	0.188841201716738	0.485915492957746	0.162037037037037	0.304597701149425	0.458823529411765	0.456521739130435
chr20_19580075_G_A	C1	NA	NA	.	0.571428571428571	0.380952380952381	0.797872340425532	0.242424242424242	0.255813953488372	0.553191489361702	0.361111111111111
chr20_3203307_C_T	C4	NA	NA	synonymous SNV	0	0.0505050505050505	0	0	0.471544715447154	0	0
chr20_38585635_G_T	C4	NA	NA	.	0	0	0	0	0.5	0	0
chr20_46393094_G_C	C1	NA	NA	nonsynonymous SNV	0.568	0.893617021276596	0.216216216216216	0.775510204081633	0.813084112149533	0.54	0.658227848101266
chr20_46541910_C_A	C4	NA	NA	synonymous SNV	0	0	0	0	0.381443298969072	0	0
chr20_4790563_C_T	C1	NA	NA	nonsynonymous SNV	0.292035398230089	0.473684210526316	0.505882352941176	0.43298969072165	0	0.419117647058824	0.415254237288136
chr20_49228841_C_T	C5	NA	NA	nonsynonymous SNV	0.212389380530973	0.424460431654676	0.0654205607476635	0.336283185840708	0.417322834645669	0.124183006535948	0.228346456692913
chr20_51010306_G_A	C4	NA	NA	unknown	0	0.0378787878787879	0	0	0.473684210526316	0	0
chr20_51523670_C_T	C5	NA	NFATC2	nonsynonymous SNV	0.231884057971014	0.419354838709677	0.150793650793651	0.603053435114504	0	0.137755102040816	0.19620253164557
chr20_57202505_C_T	C4	NA	NA	nonsynonymous SNV	0	0	0	0	0.397350993377483	0	0
chr20_62963671_C_T	C4	NA	NA	synonymous SNV	0	0	0	0	0.56	0	0
chr20_63359408_C_G	C5	NA	NA	.	0	0.228571428571429	0	0	0	0	0
chr20_63590645_G_A	C1	NA	NA	nonsynonymous SNV	0.346153846153846	0.531645569620253	0.283132530120482	0.63953488372093	0	0.398148148148148	0.369230769230769
chr21_19021781_T_C	C1	NA	NA	.	0.714285714285714	1	0	0.666666666666667	0.785714285714286	0.625	0.75
chr21_22354317_T_G	C2	NA	NA	.	0	0	0	0	0	0	0.8
chr21_30215147_A_T	C1	NA	NA	.	0.363636363636364	0.3125	0.407407407407407	0.655172413793103	0	0.333333333333333	0.6
chr21_30263854_A_G	C1	NA	NA	.	0	0	0.538461538461538	0.75	0	0.538461538461538	0.777777777777778
chr21_42076061_G_C	C3	NA	NA	nonsynonymous SNV	0.427586206896552	0	0	0	0	0.505154639175258	0
chr21_42955761_C_T	C5	NA	NA	.	0	0.24	0	0.36	0	0	0
chr21_44711617_G_C	C5	NA	NA	.	0	0.304347826086957	0.666666666666667	0	0	0	0
chr22_17900951_C_T	C2	NA	NA	synonymous SNV	0	0	0	0	0	0	0.329268292682927
chr22_19458141_T_C	C4	NA	NA	.	0	0.0340136054421769	0	0	0.709090909090909	0	0
chr22_19895124_G_A	C1	NA	NA	.	0.539325842696629	0.375	0.257142857142857	0.540229885057471	0	0.32183908045977	0.28735632183908
chr22_20450260_T_G	C5	NA	NA	.	0.170212765957447	0.229166666666667	0.0597014925373134	0.26	0.25	0.298076923076923	0
chr22_21160663_C_T	C5	NA	NA	.	0	0	0	0.625	0	0	0
chr22_22376681_C_G	C5	NA	NA	.	0	0	0.5625	0	0	0.388888888888889	0
chr22_22410401_C_A	C5	NA	NA	.	0	0.235294117647059	0	0	0	0	0.5
chr22_24183251_G_A	C1	NA	NA	unknown	0.229166666666667	0.25	0.378787878787879	0.275862068965517	0.339622641509434	0.256198347107438	0.268817204301075
chr22_24649888_G_A	C1	NA	NA	.	0	0.2	0.28	0.25	0.625	0.434782608695652	0.466666666666667
chr22_24657286_G_A	C3	NA	NA	.	0.25	0	0	0	0	0.730769230769231	0
chr22_38992562_A_G	C5	NA	APOBEC3B	.	0	0.38961038961039	0.471698113207547	0	0	0	0.462686567164179
chr22_45202996_G_A	C4	NA	NA	synonymous SNV	0	0	0	0	0.548387096774194	0	0
chr22_49822869_C_T	C3	NA	NA	.	0.736842105263158	0	0	0	0	0.617647058823529	0
chr22_50261081_G_A	C4	NA	NA	.	0	0	0	0	0.627450980392157	0	0
chr3_10048202_G_T	C1	FANCD2	FANCD2	.	0.380952380952381	0.3	0	0	0	0.454545454545455	0.222222222222222
chr3_10048222_C_A	C1	FANCD2	FANCD2	.	0.5	0	0	0	0	0.357142857142857	0.352941176470588
chr3_107106597_A_G	C2	NA	NA	.	0	0	0	0	0	0	0.230769230769231
chr3_113626351_C_T	C5	NA	NA	.	0	0	0	0.6	0	0	0
chr3_116646638_A_T	C2	NA	NA	.	0	0	0.56	0	0	0	0.535714285714286
chr3_122103529_A_T	C5	NA	NA	nonsynonymous SNV	0	0.322916666666667	0	0.567164179104478	0	0	0
chr3_122202439_G_A	C5	NA	NA	.	0.166666666666667	0	0.7	0	0	0	0.333333333333333
chr3_125714994_A_G	C1	NA	NA	.	0	0.285714285714286	0	0.45	0.578947368421053	0.324324324324324	0
chr3_130026170_A_G	C5	NA	NA	.	0	0.266666666666667	0	0	0	0.342857142857143	0
chr3_130027516_C_T	C5	NA	NA	.	0	0.545454545454545	0.75	0	0	0	0
chr3_136317121_G_T	C3	NA	NA	.	0.555555555555556	0	0	0	0	0.365384615384615	0
chr3_138288985_A_C	C4	NA	NA	.	0	0.215189873417722	0	0	0	0	0
chr3_140682661_G_A	C4	NA	NA	unknown	0	0.0651340996168582	0	0	0.460869565217391	0	0
chr3_150698976_C_T	C3	NA	NA	.	0	0	0	0	0	0.521739130434783	0
chr3_151745641_C_A	C3	NA	NA	nonsynonymous SNV	0.387096774193548	0	0	0	0	0.475609756097561	0
chr3_155490819_C_T	C2	NA	NA	nonsynonymous SNV	0	0	0	0	0	0	0.347826086956522
chr3_156113641_C_T	C2	NA	NA	.	0	0	0	0	0	0	0.4
chr3_15678317_C_G	C5	NA	NA	nonsynonymous SNV	0	0.415384615384615	0.181818181818182	0	0	0	0.484848484848485
chr3_195784629_G_A	C5	NA	NA	synonymous SNV	0.140756302521008	0.194877505567929	0.277049180327869	0.118226600985222	0.277950310559006	0.284365162644281	0.271271271271271
chr3_196244567_C_T	C1	NA	NA	.	0.4375	0.714285714285714	0.6875	0.529411764705882	0.230769230769231	0.575757575757576	0.533333333333333
chr3_27006110_A_C	C5	NA	NA	.	0	0.258064516129032	0	0.229166666666667	0	0	0
chr3_48159395_A_C	C5	NA	NA	synonymous SNV	0	0	0	0.29126213592233	0	0	0
chr3_48571925_G_A	C2	NA	NA	.	0	0	0	0	0	0	0.520833333333333
chr3_48632214_T_G	C2	NA	NA	.	0	0	0	0	0	0	0.347107438016529
chr3_49625188_G_A	C5	NA	NA	unknown	0	0.285714285714286	0	0.414285714285714	0.350282485875706	0	0
chr3_62372472_C_T	C1	NA	NA	nonsynonymous SNV	0.48	0.4125	0.349315068493151	0.548672566371681	0	0.518867924528302	0.449339207048458
chr3_75739422_T_A	C1	NA	NA	.	0	0	0.571428571428571	0	0	0.631578947368421	0
chr3_86014826_G_T	C1	NA	NA	.	0.297872340425532	0.425925925925926	0.676470588235294	0.135135135135135	0	0.428571428571429	0.358490566037736
chr4_100410222_C_A	C4	NA	NA	.	0	0	0	0	0.517241379310345	0	0
chr4_109960866_G_C	C1	NA	NA	.	0.475409836065574	0.576470588235294	0.5	0.452631578947368	0.420560747663551	0.471074380165289	0.403846153846154
chr4_122344578_T_C	C2	NA	NA	.	0	0	0.540540540540541	0	0	0	0.648648648648649
chr4_125452719_C_T	C4	FAT4	FAT4	synonymous SNV	0	0.0336134453781513	0	0	0.373626373626374	0	0
chr4_13338125_G_A	C5	NA	NA	.	0	0.857142857142857	0	0	0	0	0
chr4_134952872_C_T	C3	NA	NA	.	0	0	0	0	0	0.555555555555556	0
chr4_13615528_A_C	C1	NA	NA	.	0	0	0.272727272727273	0.428571428571429	0	0.388888888888889	0
chr4_141729764_G_T	C1	NA	NA	.	0.470588235294118	0.566666666666667	0.473684210526316	0.382352941176471	0	0.526315789473684	0
chr4_143911935_T_C	C3	NA	NA	.	0.36986301369863	0	0	0	0	0.612403100775194	0
chr4_144127876_A_G	C2	NA	NA	.	0	0	0	0	0	0	0.235772357723577
chr4_151391299_C_G	C1	NA	NA	.	0.604166666666667	0.582089552238806	0.625	0.695652173913043	0.442307692307692	0.634146341463415	0.365384615384615
chr4_166065973_A_G	C1	TLL1	TLL1	.	0.107142857142857	0.75	0.892857142857143	0.6	0.4	0	0.206896551724138
chr4_169992185_G_A	C5	NA	NA	synonymous SNV	0	0.333333333333333	0.425	0	0	0	0.149082568807339
chr4_189982903_G_A	C5	NA	NA	.	0	0.25	0.621621621621622	0.5	0.205128205128205	0.0563380281690141	0.0549450549450549
chr4_1984949_G_C	C4	NA	NA	.	0	0.0390625	0	0	0.363057324840764	0	0
chr4_20573203_C_A	C3	NA	NA	.	0.386363636363636	0	0	0	0	0.326732673267327	0
chr4_33011216_G_A	C1	NA	NA	.	0.368421052631579	0.823529411764706	0.214285714285714	0	0.458333333333333	0.8	0.357142857142857
chr4_36082225_C_T	C4	NA	NA	.	0	0.0394736842105263	0	0	0.388888888888889	0	0
chr4_54100308_G_A	C4	NA	NA	.	0	0	0	0	0.416666666666667	0	0
chr4_5584512_C_T	C3	NA	NA	.	0.440559440559441	0	0	0	0	0.48	0
chr4_57173575_G_A	C5	NA	NA	.	0	0.272727272727273	0	0.407407407407407	0	0	0
chr4_662144_G_A	C5	NA	NA	nonsynonymous SNV	0	0	0	0.221052631578947	0	0	0
chr4_75109749_C_G	C1	NA	NA	.	0.666666666666667	0.75	0	0	0	NA	0
chr4_86767820_G_T	C4	NA	PTPN13	nonsynonymous SNV	0	0	0	0	0.492307692307692	0	0
chr4_86811029_G_T	C4	NA	PTPN13	.	0	0.0648148148148148	0	0	0.486486486486487	0	0
chr4_86948589_G_C	C2	NA	AFF1	.	0	0	0	0	0	0	0.433333333333333
chr4_88781289_T_C	C3	NA	NA	nonsynonymous SNV	0.475138121546961	0	0	0	0	0.497630331753554	0
chr4_99594758_G_A	C5	NA	NA	nonsynonymous SNV	0	0	0	0.285714285714286	0	0	0
chr5_100391907_G_C	C1	NA	NA	.	0.727272727272727	0	0	0	0.230769230769231	0.7	0.583333333333333
chr5_111097169_G_A	C2	NA	NA	nonsynonymous SNV	0	0	0	0	0	0	0.5
chr5_112780372_G_A	C5	APC	APC	.	0	0	0.318181818181818	0.533333333333333	0	0.25	0.2
chr5_126624825_A_C	C2	NA	NA	unknown	0	0	0.344827586206897	0	0	0	0
chr5_129460971_G_T	C4	NA	NA	.	0	0	0	0	0.576271186440678	0	0
chr5_129694910_T_C	C2	NA	NA	.	0	0	0	0	0	0	0.875
chr5_138184309_C_T	C4	NA	NA	stopgain	0	0.0174418604651163	0	0	0.5	0	0
chr5_140243361_G_A	C3	NA	NA	unknown	0.338624338624339	0	0	0	0	0.398713826366559	0
chr5_140802811_C_T	C1	NA	NA	synonymous SNV	0.448275862068966	0.298701298701299	0.427230046948357	0.410377358490566	0	0.525885558583106	0.481012658227848
chr5_141223533_C_T	C1	NA	NA	stopgain	0.385714285714286	0.378048780487805	0.590909090909091	0.422535211267606	0.71830985915493	0.433070866141732	0.369047619047619
chr5_154803782_T_G	C5	NA	NA	.	0	0	0	0.793103448275862	0	0	0
chr5_154803784_T_G	C5	NA	NA	.	0	0	0	0.821428571428571	0	0	0
chr5_168247925_C_T	C4	NA	NA	nonsynonymous SNV	0	0.0473372781065089	0	0	0.413793103448276	0	0
chr5_169590694_C_G	C4	NA	NA	.	0	0.0280898876404494	0	0	0.588235294117647	0	0
chr5_178345068_G_T	C2	NA	NA	.	0	0	0	0	0	0	0.461538461538462
chr5_178797634_G_A	C1	NA	NA	.	0.384615384615385	0.666666666666667	0	0.4	0.68	0	0.5
chr5_179644957_C_G	C1	NA	NA	.	0.231707317073171	0.375722543352601	0.458333333333333	0.267716535433071	0.326388888888889	0.419354838709677	0.360248447204969
chr5_179879236_C_T	C2	NA	NA	.	0	0	0	0	0	0	0.25
chr5_180136527_C_T	C3	NA	NA	.	0.329113924050633	0	0	0	0	0.546666666666667	0
chr5_180792026_G_A	C3	NA	NA	nonsynonymous SNV	0.664921465968586	0	0	0	0	0.430622009569378	0
chr5_21481665_T_C	C1	NA	NA	.	0.333333333333333	0.555555555555556	0.818181818181818	0	0	0.769230769230769	0.52
chr5_34184586_C_T	C5	NA	NA	.	0	0.333333333333333	0.384615384615385	0	0	0	0
chr5_37296495_T_C	C1	NA	NA	.	0.571428571428571	0.642857142857143	0.838709677419355	0.611111111111111	0.736842105263158	0.619047619047619	0.833333333333333
chr5_52944832_T_A	C2	NA	NA	.	0	0	0	0	0	0	0.5
chr5_64214211_T_G	C3	NA	NA	nonsynonymous SNV	0.509933774834437	0	0	0	0	0.493670886075949	0
chr5_711867_T_C	C1	NA	NA	.	0.741935483870968	0.375	0.369565217391304	0.210526315789474	0.253012048192771	0.464285714285714	0.5
chr5_745191_A_C	C1	NA	NA	nonsynonymous SNV	0.32258064516129	0.67741935483871	0.288888888888889	0.342857142857143	0.3	0.48314606741573	0.457142857142857
chr5_78780337_C_T	C1	NA	NA	.	0.844444444444444	0.666666666666667	0.46875	0.459459459459459	0.647058823529412	0.605263157894737	0.634146341463415
chr5_79300921_A_C	C3	NA	NA	.	0.277777777777778	0	0	0	0	0	0
chr5_90823631_T_C	C1	NA	NA	.	0.4	0	0.476190476190476	0	0	0.6	0
chr5_9318321_G_T	C4	NA	NA	.	0	0	0	0	0.222222222222222	0	0
chr5_96770553_C_T	C2	NA	NA	nonsynonymous SNV	0	0	0.36	0	0	0	0
chr6_100662420_C_T	C3	NA	NA	unknown	0.0588235294117647	0	0	0	0	0.398601398601399	0
chr6_109516490_G_A	C4	NA	NA	synonymous SNV	0	0.0220994475138122	0	0	0.434782608695652	0	0
chr6_109691387_G_C	C2	NA	NA	.	0	0	0	0	0	0	0.48
chr6_116238860_G_T	C4	NA	NA	.	0	0	0	0	0.315789473684211	0	0
chr6_116911083_T_C	C5	NA	NA	.	0	0.311688311688312	0	0	0	0	0
chr6_122850155_A_G	C4	NA	NA	.	0	0.266666666666667	0	0	0.545454545454545	0	0
chr6_124962685_C_A	C5	NA	NA	synonymous SNV	0	0	0	0.315789473684211	0	0	0
chr6_136233509_A_T	C3	NA	NA	.	0	0	0	0	0	0.404761904761905	0
chr6_136550517_G_A	C3	NA	NA	.	0.375	0	0	0	0	0.5	0
chr6_151341902_C_T	C2	NA	NA	.	0	0	0	0	0	0	0.342105263157895
chr6_152211676_C_T	C1	NA	NA	.	0.555555555555556	0.368421052631579	0	0.666666666666667	0.6	0.466666666666667	0.5
chr6_152427486_C_T	C1	NA	NA	.	0	0.666666666666667	0	0.642857142857143	0.692307692307692	0	0
chr6_153026508_G_A	C1	NA	NA	nonsynonymous SNV	0.478632478632479	0.607142857142857	0.727272727272727	0.453125	0.576923076923077	0.475247524752475	0.827586206896552
chr6_153134862_C_T	C3	NA	NA	.	0.636363636363636	0	0	0	0	0.692307692307692	0
chr6_158503489_C_T	C2	NA	NA	unknown	0	0	0	0	0	0	0.442953020134228
chr6_160689283_A_G	C5	NA	NA	.	0	0.727272727272727	0	0	0	0	0
chr6_161154281_C_T	C4	NA	NA	nonsynonymous SNV	0	0.0392156862745098	0	0	0.336633663366337	0	0
chr6_16290598_C_T	C5	NA	NA	synonymous SNV	0	0.394904458598726	0	0.507246376811594	0.479591836734694	0	0
chr6_165280076_A_T	C3	NA	NA	unknown	0.284403669724771	0	0	0	0	0.257575757575758	0
chr6_29942804_C_A	C5	NA	HLA-A	nonsynonymous SNV	0	0.276315789473684	0.0810810810810811	0.142857142857143	0.351351351351351	0	0.0263157894736842
chr6_31356809_C_T	C5	HLA-B	HLA-B	synonymous SNV	0.128205128205128	0.203703703703704	0.170212765957447	0	0.34375	0.222222222222222	0.037037037037037
chr6_32518504_T_G	C5	NA	NA	.	0	0	0	0.15	0	0.131578947368421	0.583333333333333
chr6_32554635_A_G	C5	NA	NA	.	0.111111111111111	0	0	0	0	0.0597014925373134	0.291666666666667
chr6_32554896_C_T	C5	NA	NA	.	0.159663865546218	0.325581395348837	0.154639175257732	0.208333333333333	0.303030303030303	0.220588235294118	0
chr6_32641945_C_T	C1	NA	NA	.	0.315789473684211	0.5	0.263157894736842	0.227272727272727	0.1875	0.3	0
chr6_32641969_C_T	C5	NA	NA	.	0.285714285714286	0.282051282051282	0.272727272727273	0.264705882352941	0.151515151515152	0.25	0.0422535211267606
chr6_32642078_A_C	C5	NA	NA	synonymous SNV	0.259259259259259	0.347826086956522	0.227272727272727	0.266666666666667	0.136363636363636	0.276595744680851	0
chr6_32746508_C_G	C5	NA	NA	.	0.149122807017544	0.356435643564356	0.105263157894737	0.123595505617978	0.205128205128205	0.175324675324675	0.0449438202247191
chr6_33287225_G_T	C3	NA	NA	unknown	0.5	0	0	0	0	0.447916666666667	0
chr6_38909539_C_G	C1	NA	NA	nonsynonymous SNV	0.480769230769231	0.524822695035461	0.275862068965517	0.165137614678899	0.35	0.490740740740741	0.879518072289157
chr6_41761308_A_C	C5	NA	NA	.	0	0.9	0	0	0	0	0
chr6_44153647_G_A	C4	NA	NA	.	0	0.0408163265306122	0	0	0.319148936170213	0	0
chr6_48370871_G_C	C5	NA	NA	.	0.333333333333333	0	0	0.129032258064516	0.5	0	0
chr6_49606814_C_T	C2	NA	NA	.	0	0	0.274509803921569	0	0	0	0
chr6_51410093_C_T	C3	NA	NA	.	0.3	0	0	0	0	0.41747572815534	0
chr6_53304660_T_C	C5	NA	NA	.	0	0.210526315789474	0	0	0	0	0
chr6_65490698_C_A	C2	NA	NA	nonsynonymous SNV	0	0	0.340425531914894	0	0	0	0.354166666666667
chr6_88853610_A_C	C2	NA	NA	.	0	0	0	0	0	0	0.4
chr6_89616605_A_C	C5	NA	NA	nonsynonymous SNV	0	0.285714285714286	0.313953488372093	0	0	0	0.454545454545455
chr6_90556448_T_A	C2	NA	NA	.	0	0	0.272727272727273	0	0	0	0
chr6_93243387_T_G	C2	NA	NA	.	0	0	0	0	0	0	0.53030303030303
chr6_99291917_G_A	C3	NA	NA	.	0.575757575757576	0	0	0	0	0.404761904761905	0
chr6_99349016_G_A	C5	NA	NA	.	0	0.212121212121212	0.458333333333333	0	0	0	0.405405405405405
chr6_99613946_G_A	C4	NA	NA	synonymous SNV	0	0.0416666666666667	0	0	0.5	0	0
chr7_100574632_G_A	C1	NA	NA	.	0.846153846153846	0.347826086956522	0.5	0.571428571428571	0.461538461538462	0.695652173913043	0.4375
chr7_101133955_C_T	C1	NA	NA	.	0.777777777777778	0.3	0.538461538461538	0.304347826086957	0.527777777777778	0.352941176470588	0.4
chr7_102198989_G_T	C4	NA	CUX1	.	0	0	0	0	0.275862068965517	0	0
chr7_102275328_G_A	C3	NA	NA	nonsynonymous SNV	0.473118279569892	0	0	0	0	0.464566929133858	0
chr7_108115919_T_G	C1	NA	NA	.	0.545454545454545	0.735294117647059	0.529411764705882	0.678571428571429	0.564102564102564	0.363636363636364	0
chr7_109959671_T_C	C3	NA	NA	.	0.357142857142857	0	0	0	0	0.636363636363636	0
chr7_120275112_C_T	C1	NA	NA	unknown	0.51937984496124	0.543147208121827	0.569230769230769	0.436363636363636	0.412751677852349	0.50199203187251	0.448888888888889
chr7_122850317_A_G	C1	NA	NA	.	0.277777777777778	0.514285714285714	0.933333333333333	0.354838709677419	0	0.625	0.407407407407407
chr7_142086130_A_C	C2	NA	NA	.	0	0	0.462962962962963	0	0	0	0
chr7_142750998_C_A	C1	NA	NA	.	0.383177570093458	0.510416666666667	0.410958904109589	0.432432432432432	0.495867768595041	0.310810810810811	0.549019607843137
chr7_142760428_T_C	C5	NA	NA	nonsynonymous SNV	0.160975609756098	0.128571428571429	0.358267716535433	0.289719626168224	0.315985130111524	0.193661971830986	0.228813559322034
chr7_142761933_A_C	C1	NA	NA	.	0.466666666666667	0.375	0.5	0.444444444444444	0.375	0	0
chr7_148383852_G_A	C1	NA	NA	nonsynonymous SNV	0.211538461538462	0.489795918367347	0.571428571428571	0	0.347826086956522	0.328125	0.548387096774194
chr7_149814437_G_A	C1	NA	NA	.	0.444444444444444	0.613445378151261	0.494505494505495	0.542056074766355	0.434108527131783	0.495049504950495	0
chr7_150289417_C_T	C2	NA	NA	.	0	0	0.583333333333333	0	0	0	0
chr7_151374235_G_A	C2	NA	NA	nonsynonymous SNV	0	0	0.32	0	0	0	0
chr7_152145356_A_C	C5	KMT2C	KMT2C	.	0	0.318181818181818	0	0	0	0	0
chr7_158871535_G_T	C2	NA	NA	unknown	0	0	0.388888888888889	0	0	0	0
chr7_2303752_G_A	C1	NA	NA	.	0.378378378378378	0.25	0.766666666666667	0.542857142857143	0.151515151515152	0.551724137931034	0.51219512195122
chr7_29146886_G_T	C1	NA	NA	.	0.401515151515151	0.5	0.459677419354839	0.488549618320611	0.1625	0.489082969432314	0.507246376811594
chr7_32559373_A_C	C4	NA	NA	nonsynonymous SNV	0	0.274509803921569	0	0	0	0	0
chr7_33604903_A_G	C3	NA	NA	nonsynonymous SNV	0.533333333333333	0	0	0	0	0.460176991150442	0
chr7_41978550_G_T	C2	NA	NA	.	0	0	0	0	0	0	0.285714285714286
chr7_44106440_G_T	C1	NA	NA	.	0.444444444444444	0.529411764705882	0.642857142857143	0.59375	0.308823529411765	0.51219512195122	0.52
chr7_47915419_T_C	C2	NA	NA	.	0	0	0	0	0	0	0.56
chr7_51028835_G_A	C5	NA	NA	nonsynonymous SNV	0	0.0412371134020619	0	0.517241379310345	0	0	0
chr7_57148377_G_T	C1	NA	NA	.	0.666666666666667	0	0	0	0.260869565217391	0	0.733333333333333
chr7_6504882_A_G	C1	NA	NA	.	0.5	0.341666666666667	0.428571428571429	0.392523364485981	0	0.476190476190476	0.484210526315789
chr7_67295649_T_C	C1	NA	NA	.	0.238095238095238	0.68	0.666666666666667	0.347826086956522	0.666666666666667	0.482758620689655	0.4
chr7_73244342_T_G	C1	NA	NA	.	0.52	0.509259259259259	0.806451612903226	0.857142857142857	0.45	0.454545454545455	0.559322033898305
chr7_77374204_C_T	C1	NA	NA	.	0.538461538461538	0.621621621621622	0.72	0.454545454545455	0.32	0.32258064516129	0.676470588235294
chr7_80462510_C_A	C1	NA	NA	stopgain	0.431578947368421	0.556701030927835	0.75	0.636363636363636	0.46218487394958	0.473282442748092	0.363636363636364
chr7_83963128_C_A	C1	NA	NA	.	0.352941176470588	0.620689655172414	0.694444444444444	0.5	0.382352941176471	0.363636363636364	0.303030303030303
chr7_86941283_T_C	C4	NA	NA	.	0	0	0	0	0.5	0	0
chr7_9726776_T_G	C5	NA	NA	.	0	0.369230769230769	0	0	0	0	0
chr8_105561294_C_A	C2	NA	NA	.	0	0	0.571428571428571	0	0	0	0
chr8_107284808_T_C	C1	NA	NA	nonsynonymous SNV	0.598214285714286	0.642384105960265	0.455696202531646	0.4296875	0	0.35042735042735	0.560693641618497
chr8_10898307_G_T	C3	NA	NA	nonsynonymous SNV	0.422857142857143	0	0.0236220472440945	0	0	0.46927374301676	0
chr8_12136974_T_C	C1	NA	NA	.	0.514285714285714	0.268292682926829	0.217391304347826	0.366666666666667	0	0.381818181818182	0.275
chr8_124451508_G_A	C5	NA	NA	nonsynonymous SNV	0	0.531531531531532	0	0.551515151515152	0.41304347826087	0	0.242990654205607
chr8_131904398_C_T	C2	NA	NA	.	0	0	0.66	0	0	0	0
chr8_138755694_G_C	C1	NA	NA	.	0.592592592592593	0.519230769230769	0.8	0.511627906976744	0.533333333333333	0.791666666666667	0.108108108108108
chr8_142314574_G_A	C4	NA	NA	.	0	0	0	0	0.5	0	0
chr8_143804525_A_G	C5	NA	NA	.	0	0.222222222222222	0.678571428571429	0	0	0	0.583333333333333
chr8_143859221_G_A	C1	NA	NA	nonsynonymous SNV	0.244444444444444	0.19047619047619	0.333333333333333	0.146341463414634	0.65625	0	0.481481481481481
chr8_144051912_G_A	C5	NA	NA	.	0	0.135416666666667	0.553846153846154	0	0	0	0.535714285714286
chr8_19817559_G_T	C5	NA	NA	unknown	0	0.391812865497076	0.533980582524272	0	0	0	0.488372093023256
chr8_22281306_T_A	C2	NA	NA	.	0	0	0	0	0	0	0.555555555555556
chr8_24501654_C_T	C3	NA	NA	.	0.5	0	0	0	0	0.730769230769231	0
chr8_25341756_C_A	C4	NA	NA	unknown	0	0	0	0	0.409326424870466	0	0
chr8_25389359_C_A	C2	NA	NA	.	0	0	0.7	0	0	0	0
chr8_2980409_T_A	C3	NA	NA	.	0.875	0	0	0	0	0.5	0
chr8_30689107_C_T	C1	NA	NA	.	0.461538461538462	0.548387096774194	0	0.52	0.538461538461538	0.333333333333333	0
chr8_34874194_G_C	C3	NA	NA	.	0.25	0	0	0	0	0.290322580645161	0
chr8_36836355_C_A	C4	NA	NA	unknown	0	0	0	0	0.298013245033113	0	0
chr8_38388084_T_C	C3	NA	NA	.	0.22680412371134	0	0	0	0	0.363636363636364	0
chr8_41668543_G_A	C1	NA	NA	synonymous SNV	0.493421052631579	0.563829787234043	0	0.304347826086957	0.548611111111111	0.657894736842105	0
chr8_43056398_C_T	C4	NA	NA	unknown	0	0	0	0	0.412280701754386	0	0
chr8_49075058_T_G	C4	NA	NA	.	0	0	0	0	0.391304347826087	0	0
chr8_65735021_C_T	C3	NA	NA	.	0.6	0	0	0	0	0.526315789473684	0
chr8_68044406_A_C	C1	PREX2	PREX2	.	0.379310344827586	0.458333333333333	0.814814814814815	0.540540540540541	0.340425531914894	0.692307692307692	0.492063492063492
chr8_68521728_A_C	C3	NA	NA	.	0	0	0	0	0	0.384615384615385	0
chr8_68625529_A_C	C2	NA	NA	.	0	0	0	0	0	0	0.5
chr8_70063491_A_G	C1	NA	NA	.	NA	0	0.7	0	0	0.833333333333333	0
chr8_71215699_A_T	C4	NA	NA	nonsynonymous SNV	0	0.0436893203883495	0	0	0.371727748691099	0	0
chr8_80080435_C_A	C2	NA	NA	nonsynonymous SNV	0	0	0.410526315789474	0	0	0	0
chr8_87873735_C_T	C1	NA	NA	unknown	0.472222222222222	0.25968992248062	0.453900709219858	0.514705882352941	0	0.511627906976744	0
chr8_97143187_C_A	C2	NA	NA	.	0	0	0.244444444444444	0	0	0	0
chr9_101670173_T_C	C1	NA	NA	unknown	0.533707865168539	0.673575129533679	0.488888888888889	0.405660377358491	0.471794871794872	0.600985221674877	0.463414634146341
chr9_104599245_T_C	C4	NA	NA	nonsynonymous SNV	0	0	0	0	0.411111111111111	0	0
chr9_104800732_A_C	C2	NA	NA	.	0	0	0	0	0	0	0.666666666666667
chr9_106926592_G_A	C1	NA	NA	unknown	0.436619718309859	0.666666666666667	0.508021390374332	0.815789473684211	0.469026548672566	0.508090614886731	0.57396449704142
chr9_127675863_C_T	C4	NA	NA	synonymous SNV	0	0.0252100840336134	0	0	0.41958041958042	0	0
chr9_130515832_C_A	C2	NA	NA	.	0	0	0.777777777777778	0	0	0	0
chr9_137011038_C_T	C4	NA	NA	synonymous SNV	0	0.0429447852760736	0	0	0.471590909090909	0	0
chr9_137984153_G_A	C1	NA	NA	nonsynonymous SNV	0.327485380116959	0.453416149068323	0.548872180451128	0.393203883495146	0.544041450777202	0.351648351648352	0.455089820359281
chr9_28148371_A_C	C2	NA	NA	.	0	0	0	0	0	0	0.382198952879581
chr9_33638398_G_A	C4	NA	NA	unknown	0	0	0	0	0.431693989071038	0	0
chr9_39002223_C_T	C5	NA	NA	.	0	0	0	0.75	0.6	0	0
chr9_39033092_T_C	C1	NA	NA	.	0.515151515151515	0.545454545454545	0.421052631578947	0.454545454545455	0.5	0.482758620689655	0.826086956521739
chr9_39033101_C_T	C1	NA	NA	.	0.527777777777778	0.583333333333333	0.535714285714286	0.5	0.5	0.605263157894737	0.833333333333333
chr9_40998575_C_T	C5	NA	NA	.	0	0.4375	0	0.466666666666667	0	0	0
chr9_63786889_G_A	C5	NA	NA	.	0.3	0	0	0	0.75	0	0
chr9_65690975_A_G	C1	NA	NA	nonsynonymous SNV	0.319327731092437	0.203252032520325	0.730769230769231	0.209090909090909	0.2	0.302752293577982	0.247787610619469
chr9_66785174_T_A	C5	NA	NA	.	0	0	0.5	0.5	0	0	0
chr9_71446598_C_T	C4	NA	NA	.	0	0	0	0	0.555555555555556	0	0
chr9_74761707_G_A	C1	NA	NA	nonsynonymous SNV	0.486725663716814	0.372727272727273	0.478991596638655	0.39344262295082	0	0.37012987012987	0.441441441441441
chr9_81616071_G_A	C4	NA	NA	unknown	0	0	0	0	0.475409836065574	0	0
chr9_88959229_G_A	C5	NA	NA	.	0	0.210526315789474	0	0.388888888888889	0.5	0	0
chr9_89341398_T_A	C2	NA	NA	nonsynonymous SNV	0	0	0	0	0	0	0.365591397849462
chr9_98773965_C_T	C1	NA	NA	nonsynonymous SNV	0.381818181818182	0.461538461538462	0.602040816326531	0.437984496124031	0	0.435897435897436	0.551546391752577
