chromosome	start.pos	end.pos	Bf	N.BAF	sd.BAF	depth.ratio	N.ratio	sd.ratio	CNt	A	B	LPP
chr1	14464	121375092	0.385187963007254	3978	0.087625697938739	0.998559037142327	344282	0.434068844025194	3	2	1	-6.88055647604679
chr1	143214846	247921132	0.39580164713249	3094	0.0876612139646319	0.963063041430457	282557	0.425121653893954	3	2	1	-6.8314598241276
chr1	247921209	248913954	0.310130959788696	89	0.117280817237648	0.582748476200514	3461	0.410515486295619	1	1	0	-6.73901743878372
chr2	126993	86620146	0.498925030164082	1670	0.0841948151979179	1.19036807864182	177109	0.570718745988322	4	2	2	-6.73670370968828
chr2	86754559	87404920	0.492030165773787	23	0.149367520319788	1.22785362536276	1604	1.03846165318196	4	2	2	-6.73519970850766
chr2	87480887	91962444	0.49877743105619	176	0.124079244551905	1.13174058296366	8822	0.617148103069239	4	2	2	-6.747839341635
chr2	94195995	97194750	0.495987858893493	118	0.111630608706715	1.18900568097408	16034	0.531931693147239	4	2	2	-6.73388681825644
chr2	97195001	241817149	0.498942255413851	3198	0.079821446972196	1.1773838905492	317610	0.540982007507534	4	2	2	-6.74461562615942
chr3	197562	19899582	0.489933775995043	420	0.0938632282932953	0.775158755549619	33395	0.297815443039285	2	1	1	-6.74007136026399
chr3	19905804	56561125	0.30581964718674	760	0.0999937013393225	0.575212484096275	83597	0.208254105421746	1	1	0	-6.80119957933698
chr3	56563665	87795264	0.224473436116751	405	0.104120633789072	0.772761132707524	24811	0.351817357877102	2	2	0	-6.7397867715665
chr3	87945544	90613961	0.41848843270786	12	0.0459171685063045	1.13025740860477	1748	0.667097215539	5	3	2	-6.89990194840786
chr3	91483720	150614343	0.479106124312084	1052	0.0864925842788201	0.784293695874013	91459	0.329139941862712	2	1	1	-6.82079651964831
chr3	150622327	168746222	0.39923984001878	209	0.0986075839051283	1.02025544057197	19248	0.518457161154759	3	2	1	-6.80036605265227
chr3	168797748	195779246	0.41039708591741	700	0.0937898764678583	1.43152728828756	61318	0.763192771256527	5	3	2	-6.77404076436273
chr3	195779314	195788697	0.30724321913926	128	0.0907125008612374	0.861631546463406	2498	0.119729532003734	4	3	1	-6.80034593016467
chr3	195798429	198155635	0.042477438056037	122	0.0959325639974102	1.50339876272438	11963	0.837043541483412	7	7	0	-7.01381014011767
chr4	61340	13613550	0.498911503846877	563	0.0827055907989553	1.17166320613783	45640	0.54089951568355	4	2	2	-6.73655552198488
chr4	13615154	49017215	0.40586206296522	492	0.0890134189295297	1.01717213742343	37198	0.485438226457452	3	2	1	-6.866977948536
chr4	49118926	49711719	0.441964247225941	54	0.162857189006752	0.622862896744523	318	0.450118321547407	2	1	1	-6.89032826243443
chr4	52029884	144117080	0.398709547715494	1523	0.0869088159334158	0.982897213045368	111825	0.43458562289309	3	2	1	-6.73739915192614
chr4	144118534	188239089	0.498898876182447	735	0.0858024875330298	1.15831600351597	54501	0.60389491583818	4	2	2	-6.76983510062213
chr4	188270847	190109201	0.408195638284297	44	0.119743372086151	1.30239351363909	907	0.862353139984647	5	3	2	-6.75281053731489
chr4	190115233	190179679	0.282496564762777	9	0.141322719727265	0.419896464126309	47	0.0860390000419264	1	1	0	-7.22232158360917
chr5	140417	46206800	0.231274584392248	824	0.0983420487905492	0.757464089113324	47561	0.317822946947198	2	2	0	-6.8638905833686
chr5	49599621	49661790	0.463670056918085	43	0.158587668897892	0.395100707864921	299	0.143665846797013	0	0	0	-6.77652577360169
chr5	50190501	181283260	0.231289266162135	2570	0.0925672667582558	0.763771525327527	195806	0.318377211184201	2	2	0	-6.87707060526954
chr6	292658	26597960	0.315467612138188	485	0.0972974226988173	0.569778599451792	28394	0.234688823234223	1	1	0	-6.73454031302153
chr6	26878933	27157125	0.102737708205871	18	0.0765175019493917	2.85681144633648	1380	2.67745618409972	16	15	1	-6.73561628247591
chr6	27170427	60855654	0.284908917455829	1515	0.0903605287246167	1.42962038827567	159437	0.654159292567341	5	4	1	-6.77318850808218
chr6	61122360	99476023	0.39365340124529	405	0.0899240537107052	0.981104081792578	38641	0.425577000370703	3	2	1	-6.73354388856847
chr6	99488099	170561964	0.49891067847139	1277	0.0797055705034502	0.767924423850282	91927	0.334418782770452	2	1	1	-6.75941977471
chr7	20943	57468605	0.498932932815597	1539	0.0878722568992876	1.19782500798625	114342	0.607656571151127	4	2	2	-6.74435931535932
chr7	60957487	100952148	0.370619000840164	1297	0.105399536428233	1.65750898983281	124069	1.03806344405599	6	4	2	-6.76564069757677
chr7	100952225	100960421	0.341663137244019	136	0.0630097370315439	1.18413841962699	1678	0.241789999163119	4	3	1	-6.76624238799009
chr7	100960515	100964922	0.405557973454275	50	0.0448295684128415	1.76425661374914	337	0.350258465068277	15	9	6	-6.75014221402416
chr7	100964965	100965060	0.422816999344621	13	0.0272361467962649	0.641585207259388	15	0.147058135572621	5	3	2	-6.74375920419135
chr7	100965108	100987709	0.384533663691451	68	0.0836924425151564	1.8810016821172	557	0.581430995580696	11	7	4	-6.73777290905515
chr7	100991075	123970294	0.366249367273492	476	0.105188928320946	1.49936075500956	57033	0.926601825040809	6	4	2	-6.79539660226861
chr7	124480877	159234676	0.237243928300135	1037	0.0995437112863282	0.779739911735107	74089	0.346381947323107	2	2	0	-6.74171625501652
chr8	149465	39761346	0.323704087908982	1084	0.106051967913188	0.581213344945467	49876	0.245773307144518	1	1	0	-6.90242847312855
chr8	39838016	43674477	0.498599274444119	61	0.123448033357728	1.19586456188334	10027	0.629604870376188	4	2	2	-6.73361414129305
chr8	46589224	118197534	0.422806548102631	718	0.0890210115991298	0.970034104965549	72705	0.485784026876935	3	2	1	-6.80721520418953
chr8	118348623	130072482	0.285950397537657	185	0.107495553155915	1.41208703599672	18453	0.796067859276968	5	4	1	-6.73864340241837
chr8	130112313	143158840	0.410398028437261	332	0.0880179734059206	0.952507954199848	19411	0.56655360986794	3	2	1	-6.76977074720514
chr8	143172342	144467379	0.393389765461084	198	0.0636360734056273	1.06986981701741	20657	0.40152124421539	3	2	1	-6.7708147980668
chr8	144498892	144889982	0.220305899769706	35	0.0815348252656031	0.805094195754926	3360	0.248954527998441	2	2	0	-6.75819181459663
chr9	12704	17514	0.141815763972408	9	0.152108605206207	1.11653812293557	45	0.470358953836903	4	4	0	-6.73667142396449
chr9	17517	38620378	0.498906371118134	690	0.0881560242716549	0.773973766893694	53585	0.336235850594706	2	1	1	-6.73316790583912
chr9	38667713	43118695	0.498706570189024	189	0.112829375485872	0.751364662884976	3075	0.377160633553452	2	1	1	-6.75009226414781
chr9	61192032	68303074	0.356831649146413	108	0.123727680226677	0.848029913447796	2581	0.407667700351718	3	2	1	-7.28145178628424
chr9	68357096	138177100	0.498927985356457	1951	0.0852738655943268	0.785882753265176	165517	0.31309741878295	2	1	1	-6.82525633499812
chr10	47876	38949608	0.395659142400152	915	0.0965916313080547	0.982620785740737	59055	0.532383650044812	3	2	1	-6.73385203489542
chr10	41875405	133689399	0.38305404039677	2496	0.0913895455248331	0.973922147650411	192222	0.434215866719829	3	2	1	-6.75335880057719
chr11	218613	1095032	0.31836496326636	220	0.0916431480452558	1.06403357286044	14147	0.509901730632938	4	3	1	-6.76136860929214
chr11	1096054	1242546	0.392888609526502	129	0.0606075236538304	0.726224195076993	5182	0.232864085751465	3	2	1	-6.87567355850153
chr11	1242702	1251524	0.323688965796606	56	0.117560810459286	0.673146126719901	734	0.165407166060758	1	1	0	-6.73915567099223
chr11	1251787	50513000	0.394711200553267	1529	0.079857410479204	0.956915812568647	112427	0.401066052087981	3	2	1	-6.83175253282284
chr11	54591999	119359254	0.402001059393214	2071	0.0829542249829668	0.997647278817891	204657	0.418287471409784	3	2	1	-6.81059832435314
chr11	119549888	124382996	0.212648749835013	137	0.0820955986161934	0.709067175239188	9119	0.304481341456834	2	2	0	-7.01043179422818
chr11	124383251	130905887	0.394454700077363	190	0.0894125230377026	0.946708690127731	16069	0.365872740115608	3	2	1	-6.76686614101688
chr11	130906559	134374428	0.258059630434086	66	0.106668316930707	0.740645451795438	4059	0.288808170566547	2	2	0	-6.80991223935956
chr12	12468	34622998	0.494535522960596	1403	0.0904673839945074	1.21291230767638	97418	0.56432921359043	4	2	2	-6.77101677141554
chr12	37575823	40464141	0.389541796349523	45	0.0844062147647262	1.02460652677026	4518	0.446239625692042	3	2	1	-6.75333592391092
chr12	40464978	40523510	0.427474084460814	87	0.066168034334633	0.575860951962386	2944	0.216790800738473	3	2	1	-7.07578829593037
chr12	40524543	133226743	0.393496497844863	2584	0.0820083428901606	0.997641940328427	247877	0.446738903715223	3	2	1	-6.82532862111633
chr13	18173863	65441810	0.231979801006852	1003	0.102930598169611	0.790001806597481	59724	0.366773952317697	2	2	0	-6.81691121778703
chr13	66231735	114299067	0.31515966267956	606	0.103874677859065	0.575272814257402	33761	0.245945880293998	1	1	0	-6.78846828821419
chr14	18330546	106875207	0.406218291233406	2168	0.0879042136478383	0.956266410785326	202763	0.419356651843701	3	2	1	-6.91213255985796
chr15	19878452	20257957	0.367405574259885	55	0.0894664205388838	0.699662755552922	880	0.292510370204219	1	1	0	-7.01012177850562
chr15	20258113	20338213	0.291599982218603	28	0.140192969806152	0.903840267894007	446	0.500795206936501	5	4	1	-6.77350697778964
chr15	20347327	32597740	0.498787701195808	292	0.101600419931349	0.734490204208259	18899	0.326664464836079	2	1	1	-6.91948325030449
chr15	32597810	32731285	0.49791789800933	9	0.195386866953175	0.751290384381537	552	0.242952746179784	2	1	1	-6.73433657335964
chr15	32774381	87885471	0.498925145315073	1680	0.0824230290752732	0.784989574108815	144532	0.31503332658723	2	1	1	-6.79466077859902
chr15	88336275	101976531	0.40540377304387	458	0.092055248554171	0.984293347064457	29014	0.421816589911545	3	2	1	-6.74138837918056
chr16	13365	4512511	0.236171944725327	532	0.0862893987660584	0.835753982835315	45846	0.359668490362098	2	2	0	-6.85230209567522
chr16	4575125	5097822	0.35911005754506	134	0.0800219365194211	1.68117050391138	8858	0.962207555201025	6	4	2	-6.74799013356942
chr16	5097855	7337929	0.285147971976268	54	0.123056269903421	2.44587655993004	1317	2.49049538580793	12	9	3	-6.73790209837847
chr16	7412813	27356013	0.498898162931744	769	0.0826018676628789	1.24030432537705	64011	0.789091480579939	4	2	2	-6.77323678843265
chr16	27362237	29971615	0.357031639260746	88	0.100489490994919	1.51753933176015	19188	0.800454950825575	6	4	2	-6.75127336581617
chr16	29978418	31806240	0.499118022811836	168	0.0725632610937834	1.25705378052539	24519	0.511174454373655	4	2	2	-6.74781502767724
chr16	32084331	34268522	0.291577615523397	27	0.115532213290027	1.1666101688731	2161	0.552200775026059	4	3	1	-6.78929918000639
chr16	34573054	36101193	0.462398323247235	51	0.118227570521315	1.07370125664199	878	0.639736816991226	4	2	2	-6.81473467427055
chr16	46386441	46401549	0.495816197441109	55	0.118006656777366	0.551200927580868	530	0.191945795597113	2	1	1	-6.76207711188866
chr16	46739974	74361162	0.49891260485218	639	0.0846258474894878	1.19348623541456	93015	0.552172989149663	4	2	2	-6.73606788391281
chr16	74363483	74407668	0.295185369269273	31	0.127655517635532	1.04347080472165	755	0.719835056156437	5	4	1	-6.74740249366861
chr16	74410068	90095778	0.480279386553018	773	0.0908516500897586	1.05157655205899	47637	0.47358971620733	4	2	2	-7.30525195681386
chr17	137603	15589096	0.2337262725614	914	0.090606269779434	0.793384864987231	73648	0.312094477657229	2	2	0	-6.78881987063262
chr17	15701081	17506395	0.49894624109501	146	0.100715531710965	1.06670159643548	8739	0.505805153742571	4	2	2	-6.77937256960869
chr17	17576881	20416024	0.378180295013432	251	0.0998424130429102	1.58823411541722	25184	0.767131606857337	6	4	2	-6.73588335380755
chr17	20428825	22331517	0.377012131923973	296	0.121069777253736	0.807096099042067	4210	0.357879746302457	3	2	1	-7.06350744611142
chr17	24421438	26963360	0.292355839664461	18	0.156994660830908	0.706592352223407	111	0.579325152597773	2	2	0	-6.84991570070061
chr17	26963390	45584830	0.476680244935328	1108	0.0802005580390926	1.21937425535095	129189	0.574783507860001	4	2	2	-6.8112811046975
chr17	45833089	51288691	0.388343603448693	253	0.0811628441558851	1.06093027438819	28760	0.509319243376758	3	2	1	-6.81671449875243
chr17	51293869	64829036	0.498836561386478	329	0.0938728468116446	1.34348796372878	47729	0.75056387689607	4	2	2	-6.95282012029887
chr17	64829292	65092971	0.254351854471073	10	0.0831929484191218	1.28338540334563	1195	0.780819500954384	6	5	1	-6.75698550980637
chr17	65100542	80036614	0.494579196324439	637	0.0679355853191349	1.23108211906679	64596	0.60717933801121	4	2	2	-6.77242381620573
chr17	80038043	83085163	0.399543081188275	377	0.0855276601828764	1.05259384686821	28053	0.407231291087514	3	2	1	-6.79103996624136
chr18	49639	110627	0.468734996713039	15	0.182550527904181	0.662306773624614	252	0.416313541180551	2	1	1	-6.7557301609876
chr18	120645	15197157	0.408136847461588	530	0.09051132078561	0.997276338150283	27049	0.47458941774502	3	2	1	-6.75806003952512
chr18	21454240	54009744	0.40368569468882	431	0.0910825676719066	0.96031417575711	41759	0.458721347894447	3	2	1	-6.77441904693454
chr18	54159687	80159596	0.316802351091864	321	0.106261513669735	0.554540356886022	20491	0.231195632205741	1	1	0	-6.92437075061804
chr19	281360	23933600	0.232567416158634	2218	0.088855807306408	0.801335873632535	172257	0.335107462154227	2	2	0	-6.87833484463876
chr19	29527145	34479639	0.498842588591754	150	0.0859046370498512	1.1448979982506	12828	0.571984626742656	4	2	2	-6.74374806669123
chr19	34481987	36439524	0.341829142385891	202	0.0934575813740115	1.84215343430022	28497	0.980496182462905	7	5	2	-6.7449020588173
chr19	36449858	48757615	0.447591280642496	1371	0.0874936288127059	1.42536206953838	137434	0.764426300304144	5	3	2	-6.77672808657361
chr19	48757618	48840956	0.156692507045006	9	0.105071139921695	1.49963937533697	1050	0.874390542640708	4	4	0	-6.73718235005876
chr19	48847793	55359110	0.463289529710514	1223	0.0904635714888198	1.39775081207446	89570	0.660298364653791	5	3	2	-6.83259490260459
chr19	55359467	55670501	0.498640436917816	45	0.135548783569875	1.46635688174289	5938	0.752338648090005	6	3	3	-6.73542563100586
chr19	55692619	58599162	0.422618566463988	351	0.0832527895010549	1.32079610025165	29423	0.648332062846024	5	3	2	-6.74491283480046
chr20	157484	26081167	0.229170793887643	653	0.0890852505189973	0.765998812719521	41728	0.315586849755529	2	2	0	-6.75386079396485
chr20	26081223	26110592	0.338383695755033	17	0.0746899965740747	0.530783511641257	50	0.389438903541797	1	1	0	-6.77079665098921
chr20	28564724	30838579	0.257487895844777	229	0.139500121574877	1.65642557527614	1694	0.9967017010061	6	5	1	-6.74169912455086
chr20	30838594	35438063	0.364717142338482	338	0.100603171046876	1.66651044830841	33002	0.951209444647663	6	4	2	-6.7414816530642
chr20	35455948	37188449	0.498526995348722	36	0.178257409294127	2.09372247617552	17262	1.60037932377399	8	4	4	-6.7338220845677
chr20	37281057	39089659	0.498858762573912	106	0.0893129918440166	2.23972745883567	12489	1.47105686301603	10	5	5	-6.73600253942417
chr20	39367650	64327831	0.332739997936758	915	0.0838775505785068	1.19636701332847	80986	0.579883856910184	4	3	1	-6.74028459006415
chr21	5034010	13052061	0.482635333680303	404	0.141019905120774	0.61139570621194	3269	0.357684723765177	1	1	0	-7.62967620527781
chr21	13373642	46658699	0.228660843589703	928	0.0965962905067117	0.75087690570014	51997	0.319304586835111	2	2	0	-6.91555582798037
chr22	10703430	12694038	0.424411705785331	263	0.141433751356236	0.64255754087139	1423	0.358240362262503	1	1	0	-7.17890677940412
chr22	15277980	16646727	0.398100264056555	52	0.122327195197005	0.906745298227776	1350	0.429980980475672	3	2	1	-6.75972585098552
chr22	16675043	50808180	0.224011693986677	1738	0.0926316752628112	0.800113299227382	129943	0.346930829427698	2	2	0	-6.91854494065373
chrX	278445	57592453	0.385601303794359	227	0.0969177867353406	1.12949035647333	70554	0.503973610594672	4	3	1	-7.24007197242519
chrX	71132797	156025429	0.495694548217393	51	0.120573212646272	1.12905571268023	82297	0.458676963503713	4	2	2	-7.24818006313825
chrY	9468442	11788375	0.498528388360238	152	0.146470547539835	0.760906768222937	1109	0.39160270199952	2	1	1	-6.73586884881863
chrY	26436903	56880092	0.41607924213241	98	0.108165373636209	0.801303943629898	503	0.50667931820304	2	1	1	-7.15628701717277
