chromosome	start.pos	end.pos	Bf	N.BAF	sd.BAF	depth.ratio	N.ratio	sd.ratio	CNt	A	B	LPP
chr1	16949	16056853	0.498912449938685	961	0.0759543996970112	0.967448817843215	38104	0.346488836170547	2	1	1	-6.82007209183699
chr1	16057020	16946901	0.498852631565949	191	0.10633382187899	1.01655137690745	3614	0.403052083962501	2	1	1	-6.73397701714822
chr1	16946998	58506268	0.498932817233203	1529	0.0745066730191879	1.01487577753615	88492	0.38775104500422	2	1	1	-6.76873346051876
chr1	58630796	58631500	0.239453824193051	19	0.0503479123767982	1.31849484005073	41	0.245269903595521	9	9	0	-6.73680917534569
chr1	58660011	121375092	0.499119151751467	1034	0.0727733476754714	1.0689778392098	64594	0.402231385184918	3	2	1	-7.06339495448655
chr1	143217383	248855287	0.384804778141009	3156	0.0831365653448928	1.04351475180928	169914	0.381478584945724	2	2	0	-7.46743057619173
chr2	126990	90309438	0.498925649852395	1590	0.0754357926055063	1.04651775387999	97692	0.400710318460381	2	1	1	-7.35773351415038
chr2	90310327	91963698	0.426664192049846	41	0.137110650526518	1.25850717092567	772	0.591476190499736	4	3	1	-6.7432231064176
chr2	94199062	113462478	0.498891394518235	578	0.082130030298958	1.06392245362836	28422	0.404765614021279	3	2	1	-6.94611805490447
chr2	113482289	113598846	0.294190212891768	21	0.0900519955623522	1.06384774117765	190	0.314926765166993	6	6	0	-6.78045579064666
chr2	113599773	242063016	0.498933462340604	2638	0.0718431370905807	1.06586203557108	149405	0.410507970651551	3	2	1	-7.25145029540691
chr3	276672	90072761	0.498907610572714	1871	0.0804683174789841	0.972970874074198	102534	0.390098997283846	2	1	1	-6.98919022830882
chr3	91483720	195771050	0.370927546078344	2028	0.0868386337241403	1.12226496586809	108517	0.451011124793497	3	3	0	-6.9125757385129
chr3	195771078	195868079	0.308389939930975	123	0.0856156674699602	0.642553574499419	1828	0.17350777228711	4	4	0	-7.47233552960484
chr3	195870036	198157341	0.363523581267013	186	0.0970308782796839	1.1175598196038	5510	0.539513155115658	3	3	0	-6.73753545813539
chr4	85635	9210677	0.49450671980066	473	0.0709786327547693	0.976405521602458	19126	0.381658898609825	2	1	1	-6.7581094045954
chr4	9215228	9712220	0.214998121113568	12	0.111837104213172	1.03426633173659	663	0.419749063924106	8	8	0	-7.10163302522679
chr4	9757515	49609124	0.498887876005467	520	0.0805880505816254	1.07651403886592	25781	0.434859111015826	3	2	1	-6.93045329747747
chr4	52077148	190179542	0.420691823218883	1953	0.0803751434603958	1.02341635420068	101077	0.401259702191993	2	2	0	-7.01794070524697
chr5	163090	18674232	0.451326506806791	481	0.0855682459958116	0.934883899934934	13910	0.338974718740384	1	1	0	-6.83408429480728
chr5	18783376	38955694	0.337019726912086	283	0.0881217706225869	1.27170702796912	14833	0.543394016052243	5	5	0	-6.77416870520564
chr5	38958648	45891317	0.274328711106191	143	0.0789245344820538	1.53119794822998	7299	0.674750461716312	7	7	0	-6.74573126442215
chr5	49601562	50399214	0.311689371389592	20	0.136569010895013	0.852165028647446	207	0.427775600904971	3	3	0	-7.00013115612871
chr5	50402346	181282849	0.456825373294202	2334	0.0808711134585591	0.999233865282664	133499	0.380457764575272	2	1	1	-6.8997279858565
chr6	147671	32473645	0.44812618813545	1430	0.0763441742890568	1.05895417269416	46954	0.385662980445199	3	2	1	-6.88373803219806
chr6	32521873	32639240	0.306898401274475	93	0.0985232237568805	1.1530704639058	393	0.304689348699092	5	5	0	-6.74616222449776
chr6	32641317	60873573	0.442576256597353	861	0.0810325870646067	1.05309226125483	46436	0.367145096874881	3	2	1	-6.93721214708479
chr6	61558257	100800297	0.498879370566795	474	0.0867206343457792	1.1213834393443	26898	0.455902107556797	3	2	1	-6.93536100775461
chr6	101686118	132359724	0.390688031810761	412	0.0871282443935949	1.12291205610561	26428	0.451721570117655	3	3	0	-6.82338318181959
chr6	132400998	133522999	0.228087802838239	26	0.0610640521218373	1.7153016626702	1831	0.819305153424547	10	10	0	-6.73435753500394
chr6	133528651	136974215	0.142255387356571	86	0.0886969293743462	2.78709323858815	6823	1.8461359630916	20	20	0	-6.73744569695957
chr6	137006791	150600210	0.362402529670685	201	0.0929674556548972	1.23315216323067	13019	0.505888497138363	4	4	0	-6.80663992623394
chr6	150800624	170640200	0.442473805954431	512	0.0884115850211335	1.02828626121213	22121	0.417429951797204	2	2	0	-6.89133533590596
chr7	31439	54553833	0.46585510904881	1375	0.0787849501356119	1.18574212500716	58464	0.478250044339366	4	2	2	-6.84557787978912
chr7	54633691	55217453	0.0734157578537203	51	0.0477992944406045	7.30868259375952	2601	7.45440826687181	20	20	0	-7.967632528092
chr7	55259906	58088558	0.367938414900907	150	0.0775379826098383	1.35597551826525	3461	0.585404761765976	6	5	1	-6.73771995386467
chr7	60957541	63572869	0.386016438369337	29	0.123231669366991	1.1297977575662	562	0.435692868328231	3	3	0	-6.7513620319879
chr7	63573234	100818732	0.498918791212379	856	0.078112671553904	1.05351322070058	47587	0.401683501918615	2	1	1	-7.08676145675932
chr7	100867496	100960311	0.354684226539999	167	0.0624844486820907	0.819421204940385	1408	0.291204070962742	3	3	0	-6.82295114327192
chr7	100960406	100964965	0.499189167523209	56	0.0917501388936986	1.0216903878727	151	0.338209449845329	2	1	1	-6.73308751713979
chr7	100964977	101363101	0.441007197073874	137	0.0937167150015093	0.72758382076076	3586	0.326475148920256	1	1	0	-6.84084714293616
chr7	101374685	142332043	0.498904924207288	821	0.0738506453917797	1.06404285394493	46003	0.410909941295257	3	2	1	-7.04153053822681
chr7	142345618	142761494	0.37619388976446	72	0.105445324928589	1.03454114050044	1723	0.273145274175052	3	3	0	-6.74598977486516
chr7	142761921	142762073	0.0476918581327019	11	0.0328603104063245	1.03321436390731	14	0.268849819182988	20	20	0	-9.94665525132973
chr7	142762088	152230042	0.498897735704014	337	0.0722781106740182	1.0168209507513	16836	0.369532517946663	2	1	1	-6.74461840039076
chr7	152235662	152595447	0.34006324839313	82	0.122447683769289	1.08142478666621	617	0.491013361918213	4	4	0	-6.74123031555958
chr7	152602365	159232109	0.468743671946707	137	0.0858123720863807	1.07684195478501	5410	0.427431900663432	3	2	1	-6.75111705831245
chr8	245524	43192450	0.498905033650042	1082	0.0881685138912173	0.94442449704093	42660	0.359658329649985	1	1	0	-7.27105678412453
chr8	46579451	144946362	0.498918316241045	1511	0.0759588544161904	1.16114742584267	83256	0.48286570970536	4	2	2	-6.88279432195384
chr9	14690	38620378	0.439434980451646	719	0.08099476800392	1.11946781470723	38091	0.466511871146377	3	2	1	-6.81110703821739
chr9	38932742	43119872	0.498705820758936	232	0.122944530240459	1.07536895366571	2623	0.711795491161686	2	1	1	-6.75911007019942
chr9	61194000	66184891	0.320020680410493	96	0.128402731293025	1.17832364460673	1423	0.606202148305902	4	4	0	-6.74881616210695
chr9	66635998	138175831	0.407101318760548	1866	0.0805111766345891	0.972062862117746	105248	0.368418765033283	2	2	0	-6.9784117940834
chr10	47876	38998779	0.45480653142842	946	0.0813481628509576	1.0634131649797	36816	0.43005334364727	3	2	1	-6.84022631010846
chr10	41875410	42279038	0.49827876064923	14	0.136928251846893	1.18332455540442	139	0.447934438719426	4	2	2	-6.73316375990753
chr10	42638488	133626908	0.498908930231817	2208	0.0783917111292882	1.03586512035046	113525	0.389950960492715	2	1	1	-7.14708932855576
chr11	179460	1016665	0.498997513988533	243	0.0765446903234037	0.939342820028078	6004	0.317885770018356	2	1	1	-6.75258086984566
chr11	1016704	1098450	0.336384551698478	64	0.0812771017070907	0.826228834750622	1305	0.225657361961458	4	4	0	-6.86004297695705
chr11	1099604	1459287	0.494709252726961	74	0.0596392539740999	0.644966620028556	3120	0.191366928888621	0	0	0	-7.02922255093228
chr11	1460380	50553261	0.498922799779235	1318	0.0753586493857307	0.986293603071014	62476	0.350457507520869	2	1	1	-6.7789831350929
chr11	54591585	67796770	0.499022000658828	753	0.0754029013256547	0.94274030878554	46297	0.319433503090756	2	1	1	-6.99227156932677
chr11	67796822	108142366	0.385247113680488	1009	0.0855475481559864	1.33552330250868	51016	0.615159532247567	5	4	1	-6.82754737744643
chr11	108498446	126445161	0.498923480524746	640	0.0686465827664321	1.18707000845466	33392	0.403423488237039	4	2	2	-6.73360438430106
chr11	126563084	134374737	0.42716773277213	118	0.097207125584382	0.98289964340909	6205	0.360471836724367	2	2	0	-6.77487752481044
chr12	49636	34209512	0.425813792268936	1148	0.0874327325413855	1.01509115542299	51140	0.364652081474793	2	2	0	-6.80087974796195
chr12	37814008	40482549	0.499131035226521	81	0.0666529314554502	1.10739888285166	3341	0.438211590413315	4	2	2	-6.77606480181683
chr12	40482911	40491079	0.499193938489307	45	0.0802346810326061	0.527704926591608	990	0.0707930233679257	0	0	0	-6.90753075307076
chr12	40494239	133231689	0.498936800683636	2524	0.073667799102912	1.08733417564917	147641	0.405427912626426	3	2	1	-6.94176322098605
chr13	18173863	37783492	0.399871802644601	502	0.0845958958032526	1.02210522461953	24133	0.385428845808545	2	2	0	-6.77260110739478
chr13	38212128	114040818	0.498869681546849	976	0.0862060063309546	1.05873659807039	46840	0.432921282357577	3	2	1	-7.13834505954283
chr14	18330642	19679893	0.498602246657507	74	0.115809364732066	1.24226683291402	1274	0.577570147677325	4	2	2	-6.73758196019843
chr14	19680240	104173674	0.498906865627814	2083	0.082506260941319	1.08549730127982	110124	0.423281633958233	3	2	1	-6.90842519667777
chr14	104175275	105895766	0.346246970135173	168	0.100380246374849	0.743344787384345	6141	0.275035557708755	1	1	0	-7.77589764523445
chr14	105895795	106875207	0.389377020398062	168	0.0862632384471232	0.883888348187109	3094	0.292106675214554	2	2	0	-6.85589175839737
chr15	19964897	23440085	0.465038567077365	264	0.119420844799392	1.05821457849903	4998	0.460992343254021	3	2	1	-6.74749481274657
chr15	23440086	101966322	0.498933540044565	2249	0.0734743633543229	1.03246172065681	124674	0.388180877892804	2	1	1	-7.03503804227682
chr16	16488	180482	0.247952139082773	9	0.167506550452346	0.959604352533791	918	0.328111131630826	6	6	0	-6.8953573111334
chr16	192899	2090679	0.476407182761143	412	0.066027818980442	0.853892306244014	12257	0.288909329477498	0	0	0	-6.84631636030925
chr16	2091395	36101285	0.419116955373178	1180	0.086046699558826	0.97614815627426	65069	0.356670955077461	2	2	0	-6.84176007105972
chr16	46386441	46401496	0.412380045143356	41	0.135239453400617	1.11180472079	419	0.365925941524904	4	3	1	-6.73533114080909
chr16	46401545	90095932	0.415486270262354	1450	0.0826346200121331	0.966879533975953	69006	0.351326019673117	2	2	0	-6.97544595829418
chr17	116354	22131316	0.419179325181133	1442	0.0895765541415817	0.957869339760644	61914	0.347038144404942	2	2	0	-6.94531573502765
chr17	22131351	22204047	0.178552019336095	37	0.128407261963352	1.6422117539364	77	0.601955960572615	15	15	0	-6.74470405955118
chr17	26619728	31517891	0.471410644041044	198	0.0845981341756673	1.21786188207455	15902	0.451902437771291	5	3	2	-6.78017761435799
chr17	31522405	83085163	0.402981835411573	2421	0.0799323915736485	1.02516354428052	132001	0.386373785535943	2	2	0	-6.85800794140196
chr18	47858	15325517	0.389508840129015	501	0.0902944513915213	1.08904215539304	17575	0.433922960126093	3	3	0	-6.76278866129564
chr18	21520756	80174701	0.470941095457226	753	0.0740410805071573	1.07914089429781	43044	0.420393515117687	3	2	1	-6.79791102793992
chr19	71178	10558277	0.396870439609703	1378	0.0810743271651457	0.941604191989927	49508	0.337751495432773	2	2	0	-6.9328607932709
chr19	10559148	24012124	0.498881550994089	1118	0.0817261076967454	1.10030057562504	54585	0.414188540245302	3	2	1	-6.89038507088263
chr19	27638405	43478315	0.49889708234299	922	0.0805794203695093	0.96679566946316	45833	0.354768168711236	2	1	1	-6.81840987048752
chr19	43495104	43532031	0.498454181434305	18	0.108083981508934	1.23207550714219	275	0.783897140629386	4	2	2	-6.73319579207155
chr19	43543398	58571238	0.425198590785583	1904	0.0859393564968577	1.03553544479227	75430	0.375370026776311	2	2	0	-6.84269245181609
chr20	96321	26081626	0.498874554796119	602	0.0716673470518579	1.02972960080966	27695	0.407941736952412	2	1	1	-6.81212451016486
chr20	28560028	29642015	0.498773597526899	168	0.114464174892862	1.45526620328644	672	0.834465088148217	6	3	3	-6.7357192313443
chr20	29642119	29800248	0.139734222493665	10	0.125872951820477	1.56475412626011	57	0.584839294701174	18	18	0	-6.8120094760417
chr20	29877900	64273189	0.498927286609079	1130	0.0737218330356678	1.23779447876505	65104	0.478648051649821	4	2	2	-6.86916642909844
chr21	5218160	13052061	0.40042950918662	418	0.134404638379391	1.02612658608023	2570	0.532100214050338	2	2	0	-6.74468165205499
chr21	13373642	46663614	0.498900560385599	795	0.0776301951352878	0.974077987722453	34793	0.359344392120827	2	1	1	-6.83858992907271
chr22	10678964	12693990	0.321811480825175	360	0.128315767829209	1.19327464260521	1446	0.540676715681627	4	4	0	-6.7455384902538
chr22	15529064	16696856	0.498649388872832	76	0.118724224164695	1.17229945249129	1150	0.430978320574348	4	2	2	-6.73396302087892
chr22	16696904	50808186	0.498922790371249	1613	0.0807521493214774	0.9982274448611	79469	0.365550142950914	2	1	1	-6.73366050787066
chrX	290538	53967764	0.391649415527457	148	0.0988839449313053	1.06247581411423	38512	0.405694039249769	3	3	0	-6.9356886791914
chrX	63392466	156025116	0.417159868571524	46	0.132642669521454	1.02902081623811	55249	0.356949977671026	2	2	0	-7.07368764899111
chrY	9466925	11986608	0.338438426042598	109	0.125229445552152	0.901983267643239	919	0.365739329223342	2	2	0	-7.01601514438953
chrY	26436868	56880520	0.490399884198729	112	0.128568126655728	1.12024035982828	498	0.518316422183522	3	2	1	-6.80903624376015
