chromosome	start.pos	end.pos	Bf	N.BAF	sd.BAF	depth.ratio	N.ratio	sd.ratio	CNt	A	B	LPP
chr1	14677	121096208	0.308166822454925	3750	0.0857170171274841	1.19498443305007	300381	0.459274038322072	4	3	1	-6.9152245129409
chr1	143214846	248936569	0.377629494615248	2911	0.0815990535170426	0.956058167743411	222718	0.361072140934367	3	2	1	-6.91784183867161
chr2	126990	33663942	0.0987463652154125	691	0.0550934657117807	1.13149804767416	56645	0.476437123406427	4	4	0	-7.22369905820963
chr2	33727554	33840664	0.498394426668457	9	0.168529753390248	1.18708626537229	79	0.455200568196696	4	2	2	-6.73336685860664
chr2	33856869	87128934	0.0965754036806915	968	0.0577534587535683	1.14866055650172	75573	0.494271042713356	4	4	0	-7.20226210836108
chr2	87400066	87405325	0.498898052349776	9	0.0906822903205349	2.75732548264883	43	1.4973803614459	10	5	5	-6.73311880036877
chr2	87405355	91893614	0.0907583239811911	111	0.151213512801358	1.08529686013469	6591	0.661553256705559	4	4	0	-6.81948835561336
chr2	91931375	91963698	0.3891902765219	14	0.0894923411297253	1.25711166302462	86	0.484312719772582	3	2	1	-6.75761301006104
chr2	94195995	95893430	0.0873552009854555	39	0.0755226414111821	1.17128307444929	3909	0.494196243257452	4	4	0	-6.7471818219129
chr2	95935389	95945270	0.468901309490604	51	0.100393625295633	1.1785231232647	149	0.438314792928532	11	6	5	-6.76588109336702
chr2	95948464	97163802	0.125768051158664	31	0.0573067017417346	1.17237544155238	7805	0.397413913756032	3	3	0	-6.89324582437486
chr2	97163810	97217350	0.375241934415916	23	0.0887625735679355	1.2631912400966	429	0.465682534066369	3	2	1	-6.74327962242372
chr2	97658987	241875962	0.0981962185085348	2856	0.0632324071783726	1.1300757244065	236400	0.457142887568196	4	4	0	-8.58410136925359
chr3	197562	10046624	0.122815876921216	151	0.0719934906304503	0.919320893608537	11522	0.335438233130968	3	3	0	-6.91112269612575
chr3	10046659	10048065	0.345176943509139	10	0.0751029663565665	0.845077796071759	33	0.0804232058889382	6	4	2	-6.81018099401727
chr3	10049137	75621605	0.120637738932784	1410	0.0659892472521897	0.92741575399613	120752	0.330161622291334	3	3	0	-7.52515912476309
chr3	75664214	75669435	0.471104525762978	49	0.110657489271955	1.02849745702061	305	0.205418370989003	4	2	2	-6.77588057959397
chr3	75669482	90234801	0.126539918568591	82	0.0958003081228594	0.914684730047603	4197	0.445351571831106	3	3	0	-6.91125507880153
chr3	91387843	93927552	0.176418223282886	10	0.117420422225248	1.30501914293384	587	0.592718156753178	5	4	1	-7.00613438456209
chr3	94348945	130035291	0.100305108910496	749	0.0567056751621587	1.13129336770957	57495	0.450460562626791	4	4	0	-7.31306156455085
chr3	130081845	130083272	0.353042897675815	9	0.0827558322885933	1.19396876653559	31	0.529554430274789	6	4	2	-6.73416433238099
chr3	130096192	194791390	0.0973746471994271	1012	0.0556917160332334	1.15002776687155	85448	0.493645283400416	4	4	0	-7.27634128856856
chr3	194991077	195685750	0.498616642180953	37	0.145350430848167	1.26415222551879	1533	0.527511912457961	4	2	2	-6.73476668746931
chr3	195716571	195780514	0.137925156008115	50	0.0973766283822871	0.913193726276961	1170	0.445234597337599	3	3	0	-6.75549166976631
chr3	195780527	195788132	0.490690725340378	59	0.126394295068381	0.960003034935596	1913	0.155829198945291	4	2	2	-6.74724025794656
chr3	195788444	195878578	0.13445413768642	14	0.0762157146842773	1.05500726960564	616	0.309536071310774	3	3	0	-6.75984021691812
chr3	195960350	195984777	0.499015600125088	11	0.0887596345602703	1.64843046783063	193	0.568532636442575	6	3	3	-6.7331794650301
chr3	195984914	198120733	0.0956212218343098	57	0.0636460981878413	1.1449446745382	6756	0.457677651159629	4	4	0	-6.75920348314397
chr4	68209	9155662	0.122700561544174	430	0.0732629995314246	0.905755352355862	25744	0.33474116898069	3	3	0	-6.98783075606305
chr4	9239156	9359579	0.498958650924463	9	0.0867958972404674	0.861017473379427	188	0.278759608499836	2	1	1	-6.75932989656043
chr4	9369182	49158472	0.123086262020205	536	0.0778162612083047	0.87501155426151	29722	0.384099258628795	3	3	0	-8.20444691332717
chr4	49158517	49657645	0.314885745544485	17	0.0903351602448935	1.14893108777987	119	0.536317973601354	4	3	1	-6.75887662852967
chr4	52029884	67581322	0.118328816730577	127	0.0727459732763368	0.894380316097712	9402	0.333123624764727	3	3	0	-7.30286959222502
chr4	67846990	72305746	0.0397687614534241	186	0.0433432036687647	2.94038607276198	17134	2.097335563159	11	11	0	-6.73308469061617
chr4	72320497	73620268	0.0245469896517179	80	0.0184238253837837	5.29694245399198	7610	4.21607058439166	18	18	0	-6.73384486943065
chr4	73666089	75940852	0.0483768187016038	83	0.033800920164068	2.87041222835367	6622	2.25590293609583	9	9	0	-6.73999162598016
chr4	76112378	190179679	0.162043712292937	1297	0.0870636175755131	0.675561738711368	82485	0.263320740356184	2	2	0	-9.83954799637924
chr5	169186	16681857	0.245041424686444	405	0.0820975217671522	1.30847140934806	22005	0.504449142800543	4	3	1	-7.14427920094607
chr5	16684000	45889964	0.306060915840704	381	0.0870493460333876	1.10387406094904	26771	0.457334157499659	4	3	1	-7.5046177246859
chr5	49601562	181283260	0.158742603882494	2307	0.0834708587822331	0.681151056231164	143776	0.248311218236351	2	2	0	-9.88967170899877
chr6	147404	377884	0.499036415281713	16	0.125121740716791	0.997723133877458	320	0.362561095002922	4	2	2	-6.7761749318511
chr6	401509	29745089	0.0999732448199817	629	0.054586277036074	1.1233531127391	42111	0.521402682836729	4	4	0	-7.16819500425318
chr6	29745496	32555503	0.0890174416562869	732	0.061528322487221	1.21730570531957	28717	0.474980207836746	4	4	0	-6.73929084629588
chr6	32558151	32580401	0.0315784895053488	24	0.0230456384002562	1.84410816376209	55	0.950847934536745	14	14	0	-6.74016945774671
chr6	32580405	32581027	0.167319453021987	20	0.0957847916727362	1.03595913265994	44	0.627864946140463	8	7	1	-6.73410405984639
chr6	32581032	32662289	0.102853472708547	123	0.0578463786126026	1.25734888925021	471	0.513033343776361	4	4	0	-6.74355702688507
chr6	32662296	32666708	0.148959531195466	39	0.0584936413029185	0.752878778680497	93	0.27927486288889	2	2	0	-6.75436845311185
chr6	32666728	58120790	0.100105520076711	897	0.0570874548338142	1.19677871058701	71076	0.430109072970506	4	4	0	-6.77442753532529
chr6	61156130	116238862	0.0978176241595973	647	0.0542272977831688	1.16175076357718	52857	0.511905718215722	4	4	0	-7.04514875772155
chr6	116279453	116453573	0.499056444267537	9	0.0920067932274568	1.13446666522605	319	0.329268416925543	4	2	2	-6.73846759071214
chr6	116458529	170640200	0.0954704320988957	1024	0.0607897177489058	1.1501502949261	73116	0.502085179663992	4	4	0	-7.17800762163106
chr7	31439	57769295	0.303931797278095	1877	0.0888002246381566	1.88965789495737	122361	0.95255666536455	7	5	2	-6.7942977738526
chr7	60957564	63450531	0.151029649795413	34	0.126434009758172	1.63683739252032	484	0.725693262191992	7	6	1	-6.86971149113801
chr7	63560500	63635854	0.0428697411330802	10	0.167978966937332	1.81762421127797	360	0.704237395869863	8	8	0	-6.73857021666518
chr7	63699603	67295866	0.0802812078504826	106	0.0808010840532903	1.43162074066363	8148	0.597270756508762	5	5	0	-6.7373409885419
chr7	67297063	67304255	0.498534728553556	9	0.174753954016624	1.50738670229287	68	0.910487457359397	6	3	3	-6.73316037834977
chr7	67308122	76433306	0.0788231794169291	186	0.0663724909577985	1.40602806978164	18965	0.684757598124114	5	5	0	-6.75599686245586
chr7	76440164	76497524	0.498876638386929	13	0.202409460607922	1.48215802173113	296	0.584793761475645	6	3	3	-6.7352294414829
chr7	76502136	76955043	0.0754648452795886	21	0.0552892394594102	1.41230179271071	609	0.517398983407247	5	5	0	-6.73739917912574
chr7	76970507	77055404	0.498252614889193	22	0.177343168932721	1.59278874367563	454	0.553622550297333	6	3	3	-6.73402920956903
chr7	77055512	100951722	0.0806734611682642	498	0.0522162363691352	1.41801475042717	52735	0.620127203372336	5	5	0	-6.78124269149529
chr7	100951933	100960407	0.351262248086551	159	0.0735514233583225	1.1983035716026	1635	0.121514554903529	6	4	2	-6.77970615481104
chr7	100960420	100969715	0.386179127435635	119	0.0750417013630111	1.46569699079514	563	0.410674676837407	8	5	3	-6.73904418440883
chr7	100969831	101041312	0.498298627561798	68	0.128278829419592	1.01523863644521	3697	0.397976708883998	4	2	2	-6.74246438546843
chr7	101047792	102474184	0.0822083846913055	109	0.074162401806159	1.46053090454687	6107	0.636630123080837	5	5	0	-6.73409773840962
chr7	102497057	103098638	0.498582397521626	23	0.150666398498018	1.65135228205596	2013	0.988276652396571	6	3	3	-6.73364933349275
chr7	103312062	142455891	0.0901075684089714	640	0.0522735012777721	1.27769135021391	64534	0.563362676432552	4	4	0	-6.8798398202428
chr7	142463547	142507335	0.234195027371935	34	0.099636545386071	1.2078623318202	414	0.397635936152355	5	4	1	-6.75014751396988
chr7	142507363	142561114	0.0917648951953889	10	0.116022220094065	1.15967323942294	454	0.244093127339157	4	4	0	-6.73507270134623
chr7	142626839	144167977	0.0958887924922679	69	0.0468286359225847	1.21118971515111	6928	0.477871055913661	4	4	0	-6.73349406466399
chr7	144185466	144418611	0.120909967718289	20	0.149937627383066	1.18392320915405	1131	0.514013407610966	4	4	0	-6.7511112199941
chr7	144418729	152180042	0.0986628667009722	227	0.0562285018413338	1.22351633891071	19893	0.44203769535432	4	4	0	-6.73527193309336
chr7	152229936	152416277	0.369640591855176	50	0.139692455203623	1.09977721052449	522	0.462699866672626	3	2	1	-6.74095967761683
chr7	152602365	158926114	0.0932110704500027	143	0.0797098414253421	1.2152565605613	7331	0.520951874218577	4	4	0	-6.73390852118017
chr8	266437	12186708	0.114999058317726	365	0.0732989487468973	0.936082426211624	11613	0.38842345367881	3	3	0	-6.81311789589834
chr8	12188277	12549377	0.498278002851078	16	0.169976946966346	0.560231588632331	351	0.631882241132418	2	1	1	-6.76996786494845
chr8	12563268	43536353	0.116422501288634	685	0.0622644102933199	0.971283501458385	46148	0.367096585592156	3	3	0	-6.73649370763242
chr8	46974490	144889502	0.117556691261872	1284	0.0644126028482859	0.964917120073756	101788	0.368708589899807	3	3	0	-6.78051967612906
chr9	12704	39033140	0.121589645721182	671	0.0669269212316736	0.906148885634038	45941	0.339497529006964	3	3	0	-7.66465822874253
chr9	39040815	43253957	0.498598965096659	155	0.147036418688064	1.00705381809648	2811	0.470298700451421	4	2	2	-7.13447753378098
chr9	61962029	66793048	0.498523509773761	86	0.147956833650234	1.05820554427539	1556	0.498463082530042	4	2	2	-6.96669006893739
chr9	66920278	133162584	0.124026404642548	1412	0.0683399098633883	0.911240627269965	111653	0.349768967216309	3	3	0	-7.94497850589291
chr9	133205149	133208307	0.358314704716209	15	0.105609929186877	1.04912937638388	131	0.289272547628545	6	4	2	-6.73882884055291
chr9	133208414	138176235	0.126633928753798	426	0.0722810443935662	0.952338433859811	28905	0.310529449385766	3	3	0	-6.75618249489338
chr10	47876	39455505	0.248183028045861	987	0.0885003287160427	1.33358036788396	55775	0.632836790379102	5	4	1	-7.24578719505013
chr10	42138394	133641550	0.373448645966446	1995	0.0862817058402251	0.914920645834409	142745	0.337365416434197	3	2	1	-8.23884838627618
chr11	180231	50422246	0.370522710950965	1576	0.080701903578274	0.897713110274152	98321	0.313210326270275	3	2	1	-8.32534023141551
chr11	54591999	135008826	0.383029048731201	2167	0.081223584001481	0.911585531231925	172927	0.321716271585584	3	2	1	-8.34150135651169
chr12	12496	67521	0.275184509720065	13	0.0932294522628486	1.6074833359787	289	0.988714090726279	8	6	2	-6.73655878547767
chr12	125962	8222516	0.122195563033067	377	0.065624865741238	0.940117378298865	26889	0.330269815382131	3	3	0	-6.7928922014288
chr12	8222831	8229550	0.499359535700633	10	0.0700431612967636	1.27203172601885	108	0.461969437102598	4	2	2	-6.73310971369768
chr12	8229612	10608025	0.13455936412473	206	0.116909203654476	0.954743452640713	7453	0.437813997638316	3	3	0	-6.74640006380706
chr12	10609470	34166822	0.121351634521854	567	0.0761879012748004	0.91242223643328	29324	0.378025448824512	3	3	0	-7.14068436008805
chr12	34209475	34209553	0.308671935104093	9	0.0496440104924832	1.15557864371066	15	0.113618325148384	7	5	2	-6.73549884541354
chr12	37576363	40513791	0.119280956695432	163	0.0611837753528815	0.810625946016725	5875	0.405802617191931	3	3	0	-7.0775935364642
chr12	40513809	40513889	0.397111133670221	9	0.0392109678533953	1.12317430433025	10	0.0326258248086457	8	5	3	-6.78479453980644
chr12	40514309	50185615	0.11708481837597	262	0.0581774523865555	1.00790209841219	24394	0.376564346548487	3	3	0	-6.77852445912788
chr12	50351996	51199833	0.472723396330838	9	0.166169341335879	0.912903367039346	2769	0.352037231023853	2	1	1	-6.95317463760048
chr12	51204126	56454697	0.115174043647395	306	0.0517768627117199	0.943321711198839	30280	0.317666454359465	3	3	0	-6.77104831462243
chr12	56477530	56712876	0.147216144266057	9	0.174972140639589	0.91443999726869	1416	0.280877870518971	3	3	0	-6.75552017702048
chr12	56713026	133221063	0.120756694525355	1569	0.0690269033006767	0.920225580945145	124965	0.35105326787542	3	3	0	-7.77706528857808
chr13	18171311	114299210	0.366130928214167	1498	0.0875838911578804	0.913033778494038	85536	0.357730766901135	3	2	1	-8.23781856496666
chr14	18330620	19669794	0.49851671362667	68	0.133500552425093	0.741854638085138	1311	0.416221406499861	2	1	1	-6.73483296573124
chr14	19669858	105547067	0.121227897799084	2021	0.0637026578553016	0.923330999147876	146294	0.332999077151901	3	3	0	-7.86978180926816
chr14	105622067	105743221	0.498953332307341	26	0.0991996045277477	0.913077901915234	916	0.378852013822494	2	1	1	-6.75907657780844
chr14	105769928	106324766	0.106649301598118	64	0.0824077391163587	0.825167812344851	2772	0.29723208101677	3	3	0	-6.85056568912112
chr14	106335083	106349834	0.498976979628646	31	0.0917363684169075	1.23502688392109	196	1.40324557747617	4	2	2	-6.73310480835293
chr14	106349855	106791155	0.163976196276618	9	0.0807836617144828	0.824799628717205	1886	0.399513844566005	2	2	0	-6.76041488581748
chr15	20011061	22434249	0.496079742118587	283	0.123189016024756	1.25420930894905	4520	1.18793783505524	4	2	2	-6.7343137207316
chr15	22434503	101976613	0.407476712234386	2873	0.0866731074046376	1.3704716330867	210664	0.57157929694701	5	3	2	-7.38104144419875
chr16	14458	1223638	0.162426875504523	203	0.0743605296347193	0.73369974963829	9751	0.220569415589276	2	2	0	-6.73468550137836
chr16	1227733	1256985	0.36994932181949	28	0.0680277332179493	0.716928355551643	191	0.198308100510353	3	2	1	-6.77626062161713
chr16	1290631	3554437	0.166523244418337	314	0.072515825319414	0.728015800972181	18761	0.223387223965497	2	2	0	-6.73788735561619
chr16	3655995	36100970	0.363681531236068	878	0.0874184501617649	0.925649014781341	76884	0.340870487201072	3	2	1	-7.16220562481552
chr16	46386441	90095474	0.358520412270543	1314	0.0860330085074297	0.929444678521443	94750	0.330783340298727	3	2	1	-7.25570960222706
chr17	118327	161952	0.498484848526078	9	0.156258599763341	0.921006099149465	172	0.382360089264161	2	1	1	-6.74300962999691
chr17	162011	18353665	0.14158372517666	998	0.0811053832520577	0.813884685701865	69456	0.27767982006139	2	2	0	-8.15813073810332
chr17	18397788	18476871	0.49880031825546	29	0.117431008987921	0.640898614553812	170	0.399405766404771	2	1	1	-6.73788378263375
chr17	18488861	20494102	0.134085556852974	71	0.0650792026356667	0.809137822006937	6074	0.299946573195944	2	2	0	-6.97365098366623
chr17	20517238	20550937	0.499672225638868	10	0.0311797655183258	1.02217335602631	84	0.465344402036998	4	2	2	-6.73608459934104
chr17	20716529	21291051	0.148191767620478	35	0.0847140816526515	0.815708411256286	1152	0.31308919144744	2	2	0	-6.79019167077666
chr17	21295547	21415606	0.403623180924174	131	0.0716447768214929	0.768236760743851	490	0.263445770937364	3	2	1	-6.89819068060383
chr17	21415757	22205050	0.295267802783776	79	0.0967516923406961	0.787948214110057	704	0.327191951450219	3	2	1	-7.29287952413518
chr17	26603729	27456727	0.49852594254508	26	0.16421054027821	1.06517549288672	672	0.505857758341947	4	2	2	-6.77078630596066
chr17	27623269	83085163	0.498919984247948	2549	0.0751088311989044	1.04477215028142	207881	0.373915729748266	3	2	1	-9.0311925488647
chr18	49125	15209008	0.329204499521271	443	0.0871747231513593	1.22310336139204	24578	0.544724575776872	4	3	1	-6.81078843127594
chr18	21340155	29168394	0.467886212933853	80	0.0690275571003386	1.16992763044788	10470	0.493352040351771	4	2	2	-6.897188043406
chr18	30314922	67542600	0.163507974835649	449	0.0811962695269546	0.679843849278961	29321	0.252633118291385	2	2	0	-8.02772756281786
chr18	68277708	80160338	0.498932368603324	134	0.101641207313409	1.19594379942386	10739	0.490154478543978	4	2	2	-6.74735299000287
chr19	282735	23160740	0.398422097284305	2289	0.0785724287835677	0.927434925693687	144245	0.341787128290762	3	2	1	-7.07575204255622
chr19	29526852	58599162	0.39599077271192	2654	0.0839272271062721	0.921499670366498	169634	0.326998657400969	3	2	1	-7.25753925789611
chr20	96321	26081640	0.257836077476909	685	0.0858903482776931	1.38879880105883	47235	0.561945065196708	5	4	1	-6.8965770892042
chr20	28559798	30493848	0.422568608903737	185	0.127978313426155	1.55174215789218	1054	0.706380281547161	5	3	2	-6.74150965648376
chr20	30542178	64260241	0.251435092177942	1273	0.0749035449990324	1.41167440255331	105613	0.569861727707246	5	4	1	-6.8346972893325
chr21	5034010	13051771	0.488415629272995	379	0.125665144044146	0.970860742979233	3281	0.533723293828683	3	2	1	-7.20002901045641
chr21	13373642	46663614	0.366845358462357	762	0.0814629735385941	0.923193922580355	45559	0.351916137972964	3	2	1	-7.18365772863338
chr22	10678964	12693828	0.416280948178083	298	0.125419917865334	0.982801717727482	1536	0.593706323988996	3	2	1	-6.80342492670951
chr22	15528913	15854936	0.199081563380368	34	0.144086516518459	0.805633659428078	550	0.644082132194403	2	2	0	-6.78173121922038
chr22	16132677	18173426	0.122772115823793	109	0.0731593432208743	0.916343316871204	4983	0.325548139314362	3	3	0	-6.77855801637658
chr22	18344720	18863581	0.403810119694934	23	0.10472406807789	1.20724271802061	724	0.569909229565138	5	3	2	-6.77785061453304
chr22	18945125	47116600	0.122043775314599	1444	0.0689181089103621	0.937711113146397	94006	0.327900590199623	3	3	0	-6.96476548431821
chr22	47379155	47379362	0.418089318222781	13	0.0700255447895761	1.34437390827822	31	0.469994856983986	5	3	2	-6.73365233803405
chr22	47379402	50772964	0.123665548909508	185	0.0784477484456547	0.942827350553208	11309	0.313260220080252	3	3	0	-6.75817377664974
chrX	284193	49590576	0.4990803718668	175	0.0909948362814344	0.667756421129857	34529	0.241042705542065	2	1	1	-9.16975467060717
chrX	90713987	156025116	0.498470817836575	36	0.138184219690342	0.674085594137034	42058	0.235363870885726	2	1	1	-9.33364286399326
chrY	9468442	11986761	0.495742478443534	122	0.143818961121634	0.959696855457052	1150	0.482845129007975	4	2	2	-7.09100355724436
chrY	26436903	56886905	0.459789712191252	106	0.128028812458005	1.00562744010763	496	0.522525316779606	3	2	1	-7.05906677358964
