chromosome	start.pos	end.pos	Bf	N.BAF	sd.BAF	depth.ratio	N.ratio	sd.ratio	CNt	A	B	LPP
chr1	182903	2059734	0.49883823164481	133	0.117749416303744	0.901175926890576	9743	0.36533356155618	4	2	2	-6.80761345260074
chr1	2121875	2604057	0.498679250262249	39	0.106338458453604	0.881890402434292	2644	0.337011044973799	4	2	2	-6.76732281564198
chr1	2652208	2759660	0.285192122205742	123	0.153230051732132	0.0424208056100266	408	0.0164212496742277	0	0	0	-23.2813171334262
chr1	3022425	4774546	0.499030659573846	38	0.08595370747852	0.869960321227926	3153	0.367502970914811	4	2	2	-6.8615083424234
chr1	4939567	5672668	0.299191053242445	20	0.174286696656913	0.189272953766311	52	0.32868122785993	0	0	0	-7.43947646116704
chr1	5672685	16491182	0.498909685212726	480	0.10025341160243	0.90477878348049	29193	0.363350743430755	4	2	2	-7.1115890547815
chr1	16509206	16614430	0.319380186297747	41	0.152443236136939	0.719355582519546	713	0.347199340418462	4	3	1	-6.79835969899725
chr1	16615572	16728385	0.498625128722277	94	0.13404909346981	0.718989617779748	1380	0.393332462223664	2	1	1	-6.75025998350204
chr1	16757287	16948523	0.30626552300235	28	0.0976594002931027	0.844244933201333	733	0.277230102207666	4	3	1	-6.77562609388111
chr1	16966001	31431823	0.498912807515455	553	0.0964854471481952	0.947517356043741	36811	0.378864557892565	4	2	2	-6.85013632820001
chr1	31431886	31432156	0.470127203353282	9	0.198952534819517	0.0412623272919108	19	0.012377587744087	0	0	0	-8.53386635098332
chr1	31619303	43894423	0.498890780001402	262	0.0958443563097212	0.977421382655055	32570	0.380099299839317	4	2	2	-6.74218614041868
chr1	43904861	43997519	0.49783425643666	10	0.179264825824192	0.98699322380798	1043	0.352673793179523	4	2	2	-6.73312311471752
chr1	44103426	58048418	0.474676703879026	304	0.104492114564943	0.959641482414471	25347	0.416030151779262	4	2	2	-6.81628634016576
chr1	58630796	58660011	0.287367413041723	17	0.0753788470874641	0.743356268322175	56	0.162981473530846	4	3	1	-6.79801174341689
chr1	58661414	77581818	0.498885322623788	253	0.0886170847134915	1.03789821989241	14244	0.428510802785121	4	2	2	-6.86491438915791
chr1	77848793	121096208	0.297114544769299	542	0.0952646298344712	0.728424261962731	38425	0.300099733775615	3	2	1	-8.5661715575235
chr1	121743589	124925745	0.498328885402902	68	0.190179135552901	0.0552502587331303	911	0.0308165847477284	0	0	0	-27.4917704350176
chr1	125079817	125080942	0.095064113500135	15	0.140307723033542	0.0768128727566423	25	0.0559513777012387	2	2	0	-7.64260930113874
chr1	125080946	125081345	0.498908519509295	13	0.0960352499385993	0.166965434702479	22	0.0687689682609169	0	0	0	-6.73386375608296
chr1	125118097	143266955	0.396853890644599	171	0.164369010418106	0.0587510617607268	1574	0.0333378617436199	0	0	0	-32.1602637406219
chr1	143267087	144104743	0.217548910708913	19	0.134556972867884	0.597760064595256	746	0.400728752017347	2	2	0	-6.8414103634997
chr1	144438219	160098278	0.257286299398228	543	0.0918928826203555	0.972487563776045	56147	0.419842494700113	4	3	1	-6.86446401368991
chr1	160136741	161043331	0.105702737446731	54	0.0658045010238396	0.907543240904511	3530	0.342606785495747	4	4	0	-6.78346107834527
chr1	161049020	175077352	0.264497691325678	265	0.0932384628204143	1.09388306416369	19616	0.489673926049874	5	4	1	-6.99678512588359
chr1	175077653	223856582	0.2991087897639	773	0.0915428385890752	0.925757613911995	58352	0.385734796438793	4	3	1	-7.52061581663216
chr1	223863759	224301782	0.199628049890154	16	0.157534004265746	0.878781834648137	481	0.418713040031696	3	3	0	-6.90165289210345
chr1	224313271	248750449	0.290341227775446	591	0.0914128850463461	0.9005149345604	33506	0.396613656117125	4	3	1	-7.48258363439677
chr2	672976	1943142	0.102371145541227	31	0.0532056873021139	0.807876101368213	1456	0.301982085149964	3	3	0	-6.79803038464026
chr2	3180522	3181093	0.433702867021885	21	0.122439839454788	0.0572246648277438	46	0.0167617000740373	0	0	0	-8.27352822757186
chr2	3189269	87338620	0.0945313614533398	1137	0.0647290188061385	0.854504867133158	82637	0.351212123008362	3	3	0	-8.64654351148438
chr2	87396729	89764973	0.0996137353925353	69	0.159922343686647	0.758312284986933	2997	0.44336959791079	3	3	0	-6.75436004963969
chr2	89824605	89838252	0.498412396422435	112	0.189071734793129	0.047470109253118	324	0.0266974789022248	0	0	0	-13.0789587851835
chr2	89838314	91422298	0.407415100283238	208	0.138738556312288	0.390928850936821	1672	0.444327461978226	1	1	0	-7.48038131037873
chr2	91443433	91588825	0.350274354356147	34	0.161873261420543	0.250171472968632	249	0.204711849312311	0	0	0	-7.36813225999358
chr2	91589528	91966820	0.203853461066358	21	0.142948209069545	0.747544632774886	493	0.691391981712157	2	2	0	-6.81552574766058
chr2	94196506	94231808	0.0674131647680094	9	0.16956152603439	0.406858527001363	194	0.4072554278269	3	3	0	-6.84464389432812
chr2	94258308	95935391	0.0966605184236541	22	0.0878205569126626	0.885711607728786	2785	0.381285674345376	4	4	0	-6.81859744212157
chr2	95935405	95939062	0.496505426610121	13	0.080906958275762	0.710859706496148	37	0.176918624513361	2	1	1	-6.73659920107474
chr2	95939169	95945270	0.478828539262128	26	0.129122648910013	0.443987133194708	68	0.365955664974534	2	1	1	-6.7513158870468
chr2	95950429	97046602	0.0838924502251307	55	0.0607473822023998	0.960313181259884	5289	0.421493768851859	4	4	0	-6.75744461726972
chr2	97046803	97211741	0.123317987046265	55	0.141078100012122	0.838472014745178	721	0.405113323562148	3	3	0	-6.73562105749558
chr2	97735523	129964615	0.0793883703291139	397	0.0675721411716729	0.967774509290131	28659	0.425066537750285	4	4	0	-6.82327068971953
chr2	129980005	130074719	0.498400252978997	12	0.16867792512431	0.745639620767774	188	0.273048649139499	2	1	1	-6.77480225327767
chr2	130075586	134952752	0.100484815177461	69	0.102675184542744	0.819165153283024	6159	0.381267660756282	3	3	0	-6.77950674702271
chr2	134953946	161235325	0.0909113112822723	210	0.05889175108506	0.992622950067452	17360	0.442241710430389	4	4	0	-6.73661543267777
chr2	161278642	161282451	0.355501532631504	16	0.165728693954909	0.0413946866483113	29	0.0228107441628081	0	0	0	-11.5810754421833
chr2	161385715	242177118	0.0830087245023837	1495	0.0533652549162408	0.979532594627637	110972	0.41949908343648	4	4	0	-6.79870376273099
chr3	344564	75666114	0.377125146571746	1216	0.0970459937619349	0.920402639866994	103089	0.367363149402118	4	3	1	-8.52535078789513
chr3	75667728	75706865	0.4665720657497	82	0.155379372255436	0.117633839635922	297	0.0547593912661649	0	0	0	-8.13806125195323
chr3	75731921	90908031	0.413525463279328	45	0.127226605279356	0.850812597920044	3035	0.429388196516543	3	2	1	-7.0521429189523
chr3	91025498	93470778	0.310142781384342	10	0.140927246793829	0.286944249692223	137	0.623970832858092	1	1	0	-7.19933288117992
chr3	93874275	125681436	0.429902934850992	525	0.0995041689037486	1.0433639371236	32094	0.441350891178738	4	2	2	-7.27017821450114
chr3	125681554	130146032	0.406798422878333	215	0.0857323950193201	0.898919115325033	9886	0.362512754477043	3	2	1	-7.14571769207848
chr3	130376188	195774387	0.414378547783394	770	0.108576119677428	1.03760339342545	61130	0.457104509608418	4	2	2	-7.46396950809981
chr3	195778201	195864004	0.493401735653683	71	0.0701573941916214	0.51718438787252	2251	0.185532286736804	2	1	1	-6.76391923785829
chr3	195864185	195996809	0.369319839791616	21	0.095060832653422	0.916099252556534	645	0.717306224087751	3	2	1	-6.73738030448988
chr3	195997508	197990697	0.40799699351501	80	0.113124244874744	0.991156487764477	4464	0.430510579282589	5	3	2	-6.94612535383838
chr3	198036087	198124234	0.497755958022539	9	0.188647451907284	0.732398887741074	147	0.318358568413341	2	1	1	-6.75755267149004
chr4	87380	555293	0.259638117487247	9	0.145765031624339	0.754007221801315	935	0.29390646247861	4	3	1	-7.00622142132034
chr4	653714	49016897	0.277617026948015	657	0.090132830766281	0.715045806726339	36904	0.308130471900923	3	2	1	-9.44231179089807
chr4	49091282	49657885	0.460241400764462	902	0.180142142291388	0.0446724860426471	3173	0.0361959107003558	0	0	0	-22.3497443415078
chr4	49709464	50207046	0.318603661723812	46	0.126776481764176	0.128272830144008	220	0.0620660294294103	0	0	0	-12.4975997237827
chr4	51107238	51886952	0.498122803311832	10	0.163879393321905	0.731070534440048	117	0.43753732761479	2	1	1	-6.8440289482024
chr4	52029884	102901335	0.498854884174442	489	0.105074393952288	0.899876750892565	37423	0.407911455850948	4	2	2	-8.07423235807791
chr4	102905656	188739132	0.388200766372122	611	0.103196470058239	0.809086180960024	46467	0.344891192486704	3	2	1	-6.98073693304235
chr4	189836464	190181749	0.466692710967088	77	0.145340218868623	0.218402795274115	518	0.38588228540042	0	0	0	-6.79400733452324
chr5	163090	17306501	0.498875398046212	358	0.102233837581273	0.831638663765621	13468	0.364920364334065	3	2	1	-7.72232112351565
chr5	17517666	21496338	0.4416319247139	19	0.149677899785541	0.583889876328356	542	0.409263760965537	2	1	1	-6.82426873305021
chr5	22078475	46566256	0.498858699391268	185	0.10897751280022	0.889157524144025	16161	0.384888429735855	4	2	2	-7.7114825011842
chr5	49599458	50036399	0.389662240865012	292	0.132782761431132	0.0430234671047346	946	0.017254639964687	0	0	0	-26.5169903463691
chr5	50402346	181283260	0.354972162028739	1643	0.0932713414793239	0.732221534904016	114899	0.305863688998982	3	2	1	-9.64389886239869
chr6	147596	32519747	0.498916899975107	1038	0.0833901624091632	0.869130769433888	48050	0.379199889775531	4	2	2	-8.44619075459435
chr6	32521865	32741442	0.273338148317235	132	0.109573208115023	0.758598801976835	405	0.437389184205378	4	3	1	-6.81097179611494
chr6	32741569	60425399	0.498896575287544	581	0.0865139628070479	0.953522753907482	48014	0.397492926043992	4	2	2	-6.8820370206431
chr6	62177126	89692763	0.498886514837924	228	0.0854637404475898	0.946604486941041	17754	0.429929507263818	4	2	2	-6.9117228409875
chr6	89693121	157299382	0.41259802915309	669	0.097265201132942	0.999478515207506	51665	0.430477586503331	4	2	2	-7.19968418813998
chr6	157310418	157314308	0.320985192232813	52	0.140091333868436	0.0561980500665634	162	0.0193296374072123	0	0	0	-11.7802952306591
chr6	157323556	170640200	0.384590221183468	341	0.102079875336751	0.928531984148565	14562	0.407590960846253	4	3	1	-7.33437367786273
chr7	31439	258467	0.498366961338692	13	0.166479998028561	0.875345057749443	276	0.44053372065962	4	2	2	-6.7438003149156
chr7	259884	44139278	0.498885369805558	941	0.105931082325427	1.28460245460828	54009	0.584186620720072	6	3	3	-7.18947231652783
chr7	44206254	45506163	0.481257694379095	64	0.0802481379277614	1.36572762560169	4939	0.589341206199807	6	3	3	-6.76636592408954
chr7	45610773	45611006	0.182849684851723	14	0.175939425140249	0.0827893062219556	18	0.0327580255096994	1	1	0	-7.09791152759306
chr7	45657696	54449396	0.498858357613874	153	0.110222979741785	1.47388860184351	7714	0.712121226917643	6	3	3	-6.76731438265103
chr7	54665169	55691607	0.0262735336318626	420	0.0307765660317464	12.2782508975365	26883	10.0098382838469	17	17	0	-6.74228279967565
chr7	55693884	57001971	0.161872583390762	79	0.0943148235757317	2.73590540272252	4221	1.51483459856232	14	12	2	-6.73665164044463
chr7	57032851	57487553	0.289739441256794	11	0.0937548059374219	1.18016982336736	545	0.484064293218338	4	3	1	-6.77276931470408
chr7	57487590	58088317	0.210386370707902	13	0.142809672515914	0.351248238869639	86	0.344367336401554	1	1	0	-6.79482008695695
chr7	60532237	63533888	0.251253809624039	37	0.116665965248857	0.536422793173857	354	0.292470785851878	2	2	0	-7.26190403947288
chr7	63559003	100922652	0.345179676706016	536	0.109136420112657	0.825660092639012	43716	0.357033569506803	3	2	1	-7.09514803526463
chr7	100951774	100951908	0.112234587029488	14	0.023179661414626	0.641243958851957	18	0.0777151662085563	12	11	1	-6.76111603713246
chr7	100951933	102639174	0.361317347875782	402	0.0925211868855152	0.52840493353006	7313	0.288724309968389	2	1	1	-7.98886698219576
chr7	102672756	152273771	0.364159546748354	809	0.0975358756001659	0.804062998700358	56877	0.320097668228212	3	2	1	-6.82606735279281
chr7	152382590	152407393	0.327046253278749	66	0.160206859285855	0.114040823924378	173	0.0623691791242896	0	0	0	-8.20193000630975
chr7	152445688	158138571	0.00152580896271687	63	0.159648097717971	0.800280866776686	3398	0.409257853868182	3	3	0	-7.04684549130775
chr7	158147509	158595281	0.355904073863857	28	0.15473123994125	0.409412193720627	233	0.476814556413326	1	1	0	-7.04259182737645
chr7	158622998	159233344	0.399776045612777	64	0.129343519481055	0.788899675645948	1231	0.339457844594127	3	2	1	-6.75838533129448
chr8	266437	12532846	0.399281318206814	269	0.104664631944357	0.747909566064727	8554	0.321278038532277	3	2	1	-6.97754488502524
chr8	12538929	12688652	0.498160835947382	22	0.19019955913296	0.171282503427149	212	0.157543249414025	0	0	0	-6.76676111987425
chr8	12728752	38030499	0.49885310056851	492	0.0854927596643593	0.825351167362838	24068	0.335615067329472	3	2	1	-8.05778798228347
chr8	38060030	38105828	0.0157788565990105	12	0.0139924221915964	0.682523699234018	32	0.368666625347564	20	20	0	-7.46969533500828
chr8	38281455	43146910	0.398928471280259	71	0.0900436714970017	0.892903256516973	6893	0.363544185330377	3	2	1	-7.09544112098667
chr8	45929174	57022745	0.36816169332363	70	0.107782624772727	0.889017237464318	6205	0.382073110729161	3	2	1	-7.30993165354159
chr8	57204235	57215344	0.429576548980377	15	0.118935076327181	0.0623144917327299	115	0.0220014041573947	0	0	0	-12.6126647653221
chr8	58416879	145052614	0.378826692596205	1071	0.100437076583784	0.900675637692641	67945	0.388193386305603	4	3	1	-9.24120400054305
chr9	11418	38016161	0.102905459476415	472	0.0690713418466237	0.776102723901963	31990	0.322840563145558	3	3	0	-6.8360680147361
chr9	38068454	40883733	0.396299735379694	29	0.106222301518568	0.709315516383486	1146	0.369980730423824	3	2	1	-6.9016283368325
chr9	40905676	41007985	0.344500564077932	68	0.177428854034719	0.0791636826913854	208	0.0466655637710094	0	0	0	-13.4328328497419
chr9	41008842	41074595	0.498864461347766	20	0.131974838112183	0.655507562885502	144	0.293597530153967	2	1	1	-6.73820570373875
chr9	41077248	41229889	0.49841432009626	24	0.194914357819166	0.388728900298193	111	0.466922221415688	2	1	1	-6.80510338491891
chr9	41229906	41906777	0.330109293593409	53	0.178716357070276	0.125822775932282	189	0.162171914576149	0	0	0	-9.06887565499596
chr9	41920251	42877909	0.498720812218453	42	0.118947252581267	0.583416451404355	614	0.277676271431839	2	1	1	-6.73393254406375
chr9	42891025	43119827	0.498225451373044	20	0.146032900042206	0.474262110055029	163	0.192369671688323	2	1	1	-6.90400001508791
chr9	60527020	62849184	0.491704982503681	74	0.194500994344977	0.1572842744386	384	0.213038825324207	0	0	0	-7.60970106746148
chr9	62857203	63762569	0.404342162232974	26	0.151104141367672	0.587990778985164	377	0.229706635754193	2	1	1	-6.96441586338316
chr9	63784658	65389936	0.495410672175746	157	0.175906812952344	0.251181950925666	543	0.377018074034831	0	0	0	-7.24247760527432
chr9	65691040	129380461	0.367618443156284	898	0.100132087992797	0.890075421501857	74634	0.367130977638321	4	3	1	-9.21173720536932
chr9	129396511	129432965	0.377654154591801	12	0.184752168150643	0.0481502547547799	28	0.0286114963758928	0	0	0	-15.5909400670152
chr9	129615449	138219529	0.364141829556586	523	0.0977935766577974	0.83293455224196	34311	0.317403995709261	3	2	1	-6.87770003202492
chr10	47663	35406456	0.459084930082569	615	0.0868808855328225	1.15988125205244	35276	0.504819850864802	5	3	2	-6.93601353607296
chr10	35483474	37216213	0.0804859868619046	9	0.176989484935625	0.93055973435623	741	0.377752567289213	4	4	0	-6.76550698236692
chr10	37216231	38407816	0.499398427358059	27	0.0606091114228248	1.13331291469824	1224	0.468637579570571	4	2	2	-6.79152008296037
chr10	38455270	38573526	0.243970881137794	33	0.164030802493515	0.0594903744292227	122	0.0352742953313479	0	0	0	-17.735191539384
chr10	38601369	38728528	0.498840026631119	19	0.104218281948983	0.773608966582628	163	0.492798996798826	4	2	2	-6.75224157136503
chr10	38912185	40128299	0.309866630946448	38	0.160776921073669	0.0873759154639275	137	0.191117909648936	0	0	0	-12.2688008622046
chr10	40892171	42077651	0.344132474804655	684	0.179109279485337	0.0590316975437282	2242	0.0357441771986316	0	0	0	-23.7391078957057
chr10	42078401	42233047	0.298140243970037	53	0.148344353346568	0.134539086449771	357	0.24547525786759	0	0	0	-7.84931929930804
chr10	42271871	84513493	0.498826181431317	752	0.105513843091534	1.2127794347991	53255	0.5435146134211	5	3	2	-7.11090019828519
chr10	85602204	97235076	0.134776488409914	221	0.0720183665842455	0.694981404000216	14654	0.312895571005854	3	3	0	-7.75019120313154
chr10	97244054	125841756	0.498917882662181	546	0.081555081511587	1.04985760160439	43542	0.432528428109172	4	2	2	-7.02815772608762
chr10	125895929	125970179	0.248756927161702	21	0.145173902285369	0.235843688809808	52	0.178408005116342	1	1	0	-7.06613080186627
chr10	125988805	130398499	0.464150378471525	80	0.0607985623997263	1.02099957234526	3389	0.395744429670762	4	2	2	-6.95014161218386
chr10	131116939	131851195	0.497760599366778	9	0.21787024680861	0.697279651278622	154	0.438448283970484	2	1	1	-6.79686830517067
chr10	131944258	133289807	0.498863230788552	79	0.110904059815722	0.951155184944388	4849	0.404172634578637	4	2	2	-6.74122571747971
chr10	133292425	133626829	0.22738202478555	23	0.124658759516171	0.999910763430523	1581	0.412256421882262	5	4	1	-6.7845556534096
chr10	133687961	133787352	0.44983937588196	41	0.15075677794899	0.0581418435876086	160	0.0223102190182326	0	0	0	-18.8929383500715
chr11	179321	1092563	0.300514761288703	215	0.10801179731424	0.754235266078679	8028	0.287791427040491	3	2	1	-7.00691452593487
chr11	1094878	1099674	0.310845833792612	39	0.111016563912274	0.265094076951335	484	0.116434694356514	1	1	0	-6.98381365930472
chr11	1100037	3531536	0.00101273434222052	243	0.090756462784697	0.590876351907121	9371	0.286119446592244	2	2	0	-8.16881367209663
chr11	3638763	32091511	0.498868137492044	636	0.0793970099900792	0.813799280737727	35149	0.318600541374033	3	2	1	-8.09608658946714
chr11	32388834	50269346	0.459182812405754	326	0.0965412186554577	1.0105542981098	22757	0.420972242307471	4	2	2	-6.86248803736829
chr11	54591585	56360930	0.476851051627667	185	0.0642456498547909	0.982843819939799	2769	0.320137024355414	4	2	2	-6.81056706116707
chr11	56375722	56376214	0.169693364573768	9	0.100657146348936	1.06744412437664	27	0.138144335931147	8	7	1	-6.73879543993778
chr11	56376220	68939467	0.498909565203863	569	0.0817683668569995	0.925711181235399	54788	0.366362011922581	4	2	2	-6.98014966885677
chr11	68964016	69086544	0.412514488132595	25	0.0831483212899294	0.880619573131047	540	0.402057231479216	5	3	2	-6.77517097347186
chr11	69555816	70362205	0.1087194622775	69	0.0587741388983246	3.44595751831692	4445	1.79303214834799	13	12	1	-6.74144038980373
chr11	70371373	70371534	0.424685993146217	11	0.177262671043439	0.576358416234153	27	0.0780834530552129	5	3	2	-6.74285874755425
chr11	70372442	70436523	0.0971424735172095	16	0.0465191268906314	3.24623005704679	988	1.74608578931276	14	13	1	-6.73356753010371
chr11	70698494	134374737	0.498919053070488	1140	0.0861849263098541	0.901940994912337	77297	0.383416775294288	4	2	2	-8.4306602447633
chr12	12423	10631422	0.485013665096344	500	0.104405229850042	1.02431441513284	29596	0.426022832016105	4	2	2	-6.78452468446503
chr12	10634198	11134208	0.236531927773609	37	0.0965531564062616	1.07986579024132	1202	0.463005304048916	5	4	1	-6.75420271228238
chr12	11268588	34165416	0.498863597666235	384	0.095045945005787	1.09938118841811	22519	0.499069048222659	4	2	2	-7.27945126957051
chr12	34209465	35717054	0.318666853199925	9	0.155746589047722	0.205451677535013	41	0.241775641816147	0	0	0	-7.56289847134207
chr12	37814008	40480388	0.498720325607817	40	0.116034378194899	1.15720060344915	2941	0.479748915190251	4	2	2	-6.89661484194203
chr12	40482917	40488908	0.299146620809319	22	0.0671631244164927	0.35203067174322	1215	0.0468459909073237	1	1	0	-7.14949925303632
chr12	40500186	40514566	0.271319167057896	33	0.106130012463273	0.989081623297133	366	0.300761161145512	5	4	1	-6.76632954883145
chr12	40514641	124372114	0.498910858995223	1437	0.096171000099865	0.884510765528613	127641	0.368008358732575	4	2	2	-9.58566918738777
chr12	124372487	133219447	0.49887140777079	176	0.114780449798056	0.804109971069502	10323	0.346125464340348	3	2	1	-7.39205333775393
chr13	16113453	17863401	0.498311967979363	60	0.196825336978846	0.0578961034855806	618	0.0324965888112896	0	0	0	-25.1498829570346
chr13	18173999	18206360	0.27674080452164	15	0.11484266670205	0.440156842363081	66	0.12412132195599	1	1	0	-6.80518997528547
chr13	18211719	18249027	0.263828655090944	19	0.131939911895064	0.0272782283738701	87	0.0559411995109735	0	0	0	-15.1016192787381
chr13	18253547	19181586	0.236486574547498	26	0.102122942498811	0.542052471905637	912	0.25070757686387	2	2	0	-7.11405607636291
chr13	19181862	97434842	0.224154767480025	630	0.0869534483811807	0.952110945531276	46796	0.401066157352804	4	3	1	-7.55916142917022
chr13	97977080	114325924	0.284592454879318	306	0.0916633588719692	0.985806751984353	17631	0.461416841285845	4	3	1	-6.74618914453523
chr14	16096940	16101318	0.348582789447211	69	0.185093131093986	0.0581429604772114	136	0.0287046260305818	0	0	0	-9.82556715858305
chr14	16101397	16139178	0.498275559802933	83	0.203627818750066	0.0374278921247316	137	0.0232650317064164	0	0	0	-17.6085156818851
chr14	18601382	19690462	0.416174812357573	104	0.147178177352225	0.459488382817146	1855	0.323050528401841	2	1	1	-7.28768278821283
chr14	19713343	91283251	0.472803151299837	1045	0.0839136169024535	0.816848952801253	78834	0.335107101363837	3	2	1	-7.87543666477707
chr14	91285243	91293581	0.277273480666766	13	0.113683038899096	0.707556914716692	81	0.517935254426437	8	6	2	-6.74914219425792
chr14	91297293	100149944	0.49195336887069	160	0.0659811758461285	0.757577844195124	10460	0.321013339667136	3	2	1	-8.32242799645485
chr14	100181386	100873393	0.49800104263911	16	0.23179556366189	0.68659960268572	952	0.296713562305698	2	1	1	-6.84048339342551
chr14	100882247	105465225	0.498889863975508	133	0.0888545593549314	0.657917344127329	11252	0.257395242385428	2	1	1	-7.19435834330923
chr14	105477680	105641848	0.498409129543414	23	0.162657439693815	0.606008370754138	640	0.262973248038243	2	1	1	-6.73415756165218
chr14	105707021	106639611	0.496497005761629	142	0.0836972490441155	0.516596743131243	3340	0.176113740853112	2	1	1	-7.03394786195976
chr15	17025770	18405650	0.228442918903022	38	0.174069058090037	0.0529640501608557	113	0.0295392611952219	0	0	0	-26.634702234195
chr15	19563712	19987698	0.498356822803357	9	0.191183448841972	0.706158109805665	179	0.387539626148624	2	1	1	-6.78767521037809
chr15	19987717	20276889	0.498640206046765	60	0.104991335397139	0.634025485930297	575	0.3241266249129	2	1	1	-6.7418252518222
chr15	20282927	20358414	0.498392047039772	36	0.174158265917244	0.22165132927754	424	0.26288738075854	0	0	0	-6.7500338265908
chr15	20385812	22554428	0.498508970883568	56	0.140265128128239	0.749005734706154	1046	0.419554532949588	2	1	1	-7.12897571225826
chr15	22573063	32696395	0.498816604310778	165	0.126409574351806	0.912735342279159	12076	0.434862793315865	4	2	2	-6.94077601018617
chr15	32730897	76259511	0.488150669715464	895	0.0996870702338301	1.01759691845279	85120	0.429486481785789	4	2	2	-6.84244615588164
chr15	76260006	76261247	0.167348444993396	14	0.084247313845071	0.846583385820186	78	0.356561919490714	8	7	1	-6.73702195869261
chr15	76261449	101876128	0.498893274984138	700	0.091271747907411	1.02795546614438	37165	0.435097046415277	4	2	2	-6.84257390180906
chr16	14637	153145	0.16240261339401	10	0.178756227552745	0.947267418810489	983	0.355270871774694	3	3	0	-6.78914512216129
chr16	166594	893130	0.370393095223664	186	0.0799514624988846	0.948930433522956	7036	0.359727927213349	3	2	1	-6.84470354666116
chr16	914594	1052701	0.280550988100093	9	0.114063700526407	0.741646944985107	214	0.344434741363112	4	3	1	-6.80436960992724
chr16	1079872	32066259	0.398952610921415	1117	0.0979681060030999	1.01067413696519	83331	0.444028195033094	4	2	2	-7.34961516752093
chr16	32084331	33844900	0.335939138300665	43	0.143881164821024	0.583936743452475	774	0.384326240972065	3	2	1	-7.36431726901323
chr16	34062749	34595938	0.468242273020545	188	0.163584893929429	0.0711792406654801	1069	0.201863403614242	0	0	0	-10.5026267521733
chr16	34804541	36122232	0.409635518590998	16	0.157072806897523	0.652491899561741	230	0.406186400849005	3	2	1	-6.93577211633146
chr16	46381309	46401659	0.498622534298269	108	0.131329352217599	0.0560339898287302	990	0.0174190433713659	0	0	0	-15.8338678456944
chr16	46663186	77326022	0.396431393660385	497	0.112122470938358	0.945304985026962	52978	0.384945182125662	4	3	1	-7.42611291894994
chr16	77326122	90008692	0.453037041584512	463	0.0855142367870782	0.808689664047826	19864	0.345956729206182	3	2	1	-7.25007232984015
chr17	118325	156366	0.132799658873316	9	0.145490072208076	0.69878314232962	90	0.461337796978904	3	3	0	-6.73972953831828
chr17	198405	314882	0.0915187729248902	14	0.151031199018359	0.525383827362024	99	0.393533547567707	3	3	0	-6.82761233501279
chr17	315472	315921	0.49850671149708	13	0.239437883385232	0.0214797227354969	21	0.00863409630752513	0	0	0	-12.433856081739
chr17	315951	18262950	0.11862008281142	658	0.0728574077176173	0.700362598118823	50545	0.279764057252431	3	3	0	-8.26517327837038
chr17	18398617	18499505	0.430540791593305	10	0.148440934755583	0.615841816864305	383	0.216664804099438	2	1	1	-6.86404727810518
chr17	18513433	21184358	0.125737256154932	70	0.0810543985725038	0.699521774113022	5293	0.308706139658166	3	3	0	-6.97614076045024
chr17	21214276	21657154	0.402693447312467	166	0.110328498839053	0.560465524273875	712	0.260772051384858	2	1	1	-7.17685441890809
chr17	21663786	22135383	0.287118721600771	154	0.183775386222625	0.186454862169327	621	0.233533326344511	0	0	0	-7.44695105521778
chr17	22136851	22567449	0.0962720947651217	11	0.131186889588861	0.406153548740506	78	0.192845081886279	1	1	0	-7.41089764684008
chr17	25074459	26962477	0.486077193120612	135	0.173070837722864	0.0651149808932115	518	0.149601116416269	0	0	0	-15.738578558116
chr17	26963326	27750951	0.127033517929164	51	0.0947365552569903	1.83036813360102	1678	2.16821632077813	10	9	1	-6.73995257281253
chr17	27752711	39087751	0.104225251411697	433	0.115976430764804	3.52332816256124	46082	4.05031647261417	15	14	1	-6.74336453140871
chr17	39160903	39216790	0.442101255610765	12	0.0398048268734364	1.40477032706725	792	0.503363598613858	7	4	3	-6.74479638842965
chr17	39516372	39783586	0.0396683598021217	122	0.0319448924711377	12.0732800649703	15081	6.85256306459224	11	11	0	-6.74199544760523
chr17	39829548	40477791	0.275601771033464	63	0.114918172539979	1.26092309768663	3800	0.934142776868398	5	4	1	-6.77008255259941
chr17	40478115	40640226	0.402168996118518	11	0.0795442701210522	1.67138997871984	645	0.705530361768061	10	6	4	-6.7513514426295
chr17	40657572	41280657	0.149050454921068	51	0.0807252323456235	1.9385853673982	3601	2.84686029500945	9	8	1	-6.73318075767927
chr17	41302224	41315766	0.29395002264437	12	0.0262603514943357	1.86573728540872	377	0.597780876583974	11	8	3	-6.74395722050835
chr17	41315852	41416935	0.0826516381114922	25	0.0392172581057541	6.36525066287999	2951	3.51272728346306	17	16	1	-6.73481370915446
chr17	41416938	41586466	0.178781066012855	53	0.05118499984369	3.30215016210123	4329	1.29477124951167	13	11	2	-6.73527913542546
chr17	41586555	41839201	0.0715361929254893	93	0.0442022425015885	7.03987890450992	7122	4.32244646549802	20	19	1	-6.73572537909017
chr17	41841889	41904597	0.455123722107907	19	0.0445761717481358	1.11686604235397	715	0.531726345966575	9	5	4	-6.78618036600792
chr17	41906830	44424324	0.107925634450863	179	0.0615509238454274	0.715490077530382	13552	0.286055847412689	3	3	0	-6.9301133004877
chr17	44645506	44934540	0.275434683445275	50	0.0875785361832453	2.11260981347706	3337	0.954416652808358	8	6	2	-6.73822808446183
chr17	45030221	46717868	0.11703953476624	51	0.101724981025832	1.17055252190607	4126	1.75582000716199	4	4	0	-6.76960498971131
chr17	46923163	48535216	0.0720386002794782	163	0.0771629771803663	6.25554185354535	14088	4.13817977808328	20	19	1	-6.7423325590109
chr17	48543040	50067905	0.159433635120659	57	0.1033124231006	1.66333791236139	4790	1.53477843589283	8	7	1	-6.73662700992252
chr17	50073989	50258564	0.0954934658181981	46	0.062370329252093	6.38258737324398	7564	2.94841723974129	15	14	1	-6.74074088205068
chr17	50259775	51125887	0.104861081129166	49	0.0671599459003157	3.52072354745177	6955	3.28014681177368	13	12	1	-6.73565566041283
chr17	51154262	83085163	0.398187741169117	985	0.106372153226527	1.03217451287409	77328	0.441842665756829	4	3	1	-7.38820085377836
chr18	47492	112455	0.469264425290684	80	0.15748780141629	0.108267497399041	580	0.252265728629763	0	0	0	-6.93904449115697
chr18	166819	14632791	0.498853538663015	282	0.0933543859009949	0.80086004445549	13473	0.368703644188741	3	2	1	-7.67314503427289
chr18	14779970	15005786	0.207181437758099	12	0.0876779575630286	0.366172396346084	246	0.17343782481767	1	1	0	-6.84507401180746
chr18	20959818	23894863	0.498423498244434	62	0.173701288116668	1.93560979928257	5912	1.97148039131016	8	4	4	-6.73575335399942
chr18	23901269	26117023	0.0677329516457954	49	0.0941207250522102	4.49329354050711	5454	3.0472923387288	20	19	1	-6.73411130502635
chr18	26134145	50940473	0.498823044548138	204	0.11053524439758	0.633964881215515	13778	0.290248581099605	2	1	1	-7.54246284828032
chr18	52752316	80160338	0.3231638135534	317	0.102399027609293	0.854262050715548	15657	0.349680243960026	3	2	1	-7.59764370450911
chr19	281360	7447179	0.337501235128526	779	0.0932932566199027	0.742295944703289	34103	0.297068332955946	3	2	1	-7.00324717992155
chr19	7450365	7451034	0.246750370540463	26	0.161858955694338	0.0682767685624756	53	0.034851832343606	1	1	0	-7.59723084515222
chr19	7451068	23373619	0.329620958103556	1149	0.0960386308276261	0.75990980263565	69769	0.295807726666171	3	2	1	-7.01494226700611
chr19	23465926	24897715	0.287346241209833	21	0.148542105622807	0.616152581343876	841	0.406129542092276	2	2	0	-7.15454104832868
chr19	27392385	29822696	0.344198694841484	10	0.124172639677364	0.821499083483143	626	0.384412463252889	3	2	1	-6.78039427297179
chr19	29823759	58563286	0.344920110779542	2482	0.0952650947960328	0.908128956646088	137693	0.369476726524314	4	3	1	-7.70542240456162
chr20	61430	158768	0.219624435470979	9	0.136532963052883	0.664361998226151	112	0.399008375097169	2	2	0	-6.85054825566788
chr20	158815	14326307	0.23880036917848	322	0.0820534666889665	0.836806505540003	16567	0.368220839586447	3	3	0	-7.99239996256529
chr20	15499581	25498422	0.498852253542869	198	0.0867399935913796	1.15453721891743	11661	0.487751789710196	5	3	2	-7.26194966696397
chr20	25773496	26602454	0.306583161969911	29	0.102974505429611	0.858613341908471	198	0.463588402842615	4	3	1	-6.78449767796559
chr20	28513612	29410973	0.301401129126051	407	0.18355751813077	0.156827322231533	1259	0.26434738134717	0	0	0	-7.61658564257742
chr20	29411008	29447813	0.49852209864951	47	0.133349134509286	0.536818578381533	211	0.349089944624663	2	1	1	-6.73469794866794
chr20	29447929	31054207	0.492942101438112	489	0.180247237951184	0.318413322378631	1471	0.491936257031783	0	0	0	-7.66419204209222
chr20	31054332	31054459	-0.000862595890242068	10	0	0.0621648455145324	15	0.0116414693885183	0	0	0	-Inf
chr20	31054651	31241944	0.45670470441595	383	0.163474798088254	0.059466084599631	1458	0.0252254328410472	0	0	0	-19.9013806345455
chr20	31259408	47684391	0.498905184113923	348	0.12164659289197	1.2378588445587	44402	0.509497412829521	5	3	2	-7.05642974831539
chr20	47894764	47895101	0.265225255300108	13	0.107166118354062	0.106955654937758	30	0.0110350017837704	1	1	0	-8.72217269774949
chr20	47895133	48516527	0.4993116701801	14	0.0881855249640598	0.0760637404956262	35	0.0392183716167424	0	0	0	-19.3777432122357
chr20	48625775	59845281	0.498890739109794	183	0.0987034475784021	1.23544924862384	14606	0.567826687686173	6	3	3	-7.01485386068538
chr20	59847071	61331668	0.494155967724381	9	0.13898720964335	1.22498762833238	1041	0.589950021410092	6	3	3	-6.77537953353766
chr20	61570616	64084195	0.498900937311271	180	0.101819526535243	1.17182416938964	14028	0.46270326977119	4	2	2	-6.92570932900824
chr20	64088659	64327831	0.498250568403384	10	0.153469830549489	1.14291632500593	863	0.455486246056221	4	2	2	-6.74723207288285
chr21	5217576	9026342	0.498531225091676	380	0.205931813785289	0.118557611998477	1490	0.258368539859894	0	0	0	-10.4600125649276
chr21	9026963	9088323	0.301783215901578	37	0.13348363712973	0.229914366573328	172	0.148067234696783	1	1	0	-7.28174840480975
chr21	9131029	10328491	0.315039327707274	124	0.18307400399536	0.0454770495225436	419	0.0616552908986637	0	0	0	-21.8591503223992
chr21	10329629	10472243	0.495863036281375	523	0.17262013019068	0.193448377459224	2271	0.15702122328768	0	0	0	-6.73553702140491
chr21	10473113	10649650	0.354120712143887	34	0.137644498696426	0.564969356720248	530	0.25402574884253	3	2	1	-6.92362493924601
chr21	10655544	13052006	0.360491937891703	199	0.200494533001689	0.0959306846463032	579	0.170339355858618	0	0	0	-13.4508663138554
chr21	13372216	46554669	0.498902984743737	756	0.095458751043454	0.798590310866697	32690	0.354642076185865	3	2	1	-7.64512317208419
chr22	10685603	10737824	0.404751471175142	120	0.195866580525997	0.105581456245923	390	0.141182437483843	0	0	0	-7.35957012661156
chr22	10738259	11065654	0.446300495079235	377	0.166853748665593	0.15615223163536	1342	0.233121635034828	0	0	0	-6.92123430127255
chr22	11065697	11279296	0.498611870416411	51	0.15310928046564	0.506929074472306	242	0.210521428610618	2	1	1	-6.79839004304228
chr22	11285120	12698583	0.492894075944116	225	0.177680538969723	0.116511351726802	763	0.1646264436821	0	0	0	-10.4262930474434
chr22	15277980	16439400	0.498486616932892	67	0.153646320386889	0.536580231144509	816	0.370782430449693	2	1	1	-6.7777900783745
chr22	16472986	46464419	0.401314464521287	1322	0.100213615889629	0.923472424953166	80372	0.395079813956067	4	2	2	-7.7841675152933
chr22	46635113	48757370	0.340280580042512	27	0.0939801458089303	0.885585977505953	925	0.541112463972323	3	2	1	-6.86156422801317
chr22	49620721	50770109	0.388982713955331	158	0.0936081195471331	0.933582747680914	9197	0.345783720616361	3	2	1	-6.90665821803697
chrX	284193	9411882	0.104209643785599	140	0.102687793276394	0.646700294229535	4619	0.446037756844375	2	2	0	-7.13140375583465
chrX	15236293	54933960	0.0222076912616361	40	0.117191643943826	1.01307507198007	29231	0.534140422553057	4	4	0	-6.99930381805668
chrX	66195296	135521405	0.0302271160581313	27	0.109510306010472	1.02530702889932	34607	0.526674416587573	4	4	0	-7.11050962318757
chrX	135614922	156025116	0.339309273222988	72	0.151230446297444	0.953696685528251	15490	0.460391620576582	4	3	1	-6.86025458244437
chrY	3852347	11368988	0.490438623369748	792	0.179347298891383	0.0648927963476576	3252	0.0534269499523633	0	0	0	-25.9302434742259
chrY	11531463	11721925	0.0478641068626491	70	0.161916514157562	0.0228344621235293	258	0.0200807061641736	1	1	0	-27.3965136541249
chrY	11721935	11986608	0.475178080030334	14	0.174024060481227	0.0902545502554941	120	0.112304799528777	0	0	0	-10.3107831098379
chrY	26436900	26638266	0.458728595162206	11	0.161177598262966	0.146611100198964	29	0.104482609861866	0	0	0	-7.40474316054322
chrY	26649314	56822399	0.463787457137304	45	0.175376815094605	0.0141011993335921	189	0.00971508446431752	0	0	0	-45.6742047595645
chrY	56822423	56853323	0.498640268985059	475	0.174183347975545	0.0459561828461383	1032	0.022308530946122	0	0	0	-16.4807526209435
chrY	56853790	56885248	0.498507874843005	162	0.17561493086129	0.102385861308406	519	0.0749057087252633	0	0	0	-7.78296701262253
