chromosome	start.pos	end.pos	Bf	N.BAF	sd.BAF	depth.ratio	N.ratio	sd.ratio	CNt	A	B	LPP
chr1	182903	2604057	0.498812065549832	149	0.113326745726393	0.837199289301147	10066	0.313496949563303	2	1	1	-6.88830982236059
chr1	2652208	2654251	0.249105519153533	35	0.165861985757218	0.0104431778213443	74	0.00400601177258666	1	1	0	-25.2676745491162
chr1	2654254	2759660	0.0206173118672158	48	0.126241683947726	0.01094800809508	137	0.00666614782581003	8	8	0	-35.4180926065453
chr1	3022425	4774546	0.435089969988413	34	0.0454111736036082	0.77503864114857	2436	0.299831686339099	3	2	1	-7.0132378767752
chr1	4939567	5672668	0.294150783471102	14	0.175060068183831	0.143499232190857	34	0.263198089664139	0	0	0	-11.6520556913002
chr1	5864210	16486725	0.440551028733647	471	0.0993754849683446	0.849743431618913	24191	0.316916105483466	3	2	1	-6.9150231522773
chr1	16490487	16728385	0.31909155134396	115	0.134439273960081	0.703901845244622	1739	0.32738707538006	2	2	0	-6.74003144533945
chr1	16757287	77169463	0.410068612179462	1423	0.101233701287984	0.897028734783978	93993	0.322827651957788	3	2	1	-6.74460356313783
chr1	77219357	121556706	0.310093780520714	598	0.0894164958421433	0.787367497239493	38623	0.292283711642577	2	2	0	-7.24915721194076
chr1	122519393	124714911	-0.000862595890242068	10	0	0.0066479829106865	89	0.00478914438951853	0	0	0	-Inf
chr1	125080306	143267213	0.00330201212388914	55	0.136891913419296	0.00459302130187309	342	0.0506911663660465	9	9	0	-39.7071707296738
chr1	143606768	144104659	0.183630171286738	9	0.194075228827495	0.670556974359961	391	0.442109272036025	3	3	0	-6.96282464758881
chr1	144104743	159406165	0.339173408344273	532	0.10285812442647	1.02001461406116	49203	0.384131636435616	4	3	1	-6.78181182337361
chr1	159440067	173873492	0.317429689220414	370	0.0990642451572262	1.18981408929025	23734	0.465422446390183	5	4	1	-6.74169904089787
chr1	173992701	223856582	0.43233837017951	785	0.0934354630910091	0.915482592428449	53085	0.338444342890168	3	2	1	-6.88086513497262
chr1	223863759	224301782	0.497666949579675	9	0.176187715551088	0.852802253000748	395	0.341928810397068	2	1	1	-6.76655899420947
chr1	224356827	248750449	0.412462495202029	580	0.0927522126891207	0.86608680077196	29483	0.316482114689137	3	2	1	-6.8853665768018
chr2	672976	1943142	0.238722120879519	31	0.0584540808660308	0.824093707466209	1223	0.285730087422407	3	3	0	-6.92098294144222
chr2	3180597	3181071	0.0272511357066014	11	0.100403277744395	0.0105175808446414	18	0.00483857052298324	11	11	0	-21.3644596986065
chr2	3189269	87338620	0.23284177060913	1247	0.0803462498483265	1.00717390418674	82394	0.374992578347139	4	4	0	-6.96991708642891
chr2	87396853	87428675	0.497738026849863	14	0.146364515605974	0.0278939606870196	74	0.0503688964660798	0	0	0	-15.8914469638665
chr2	87428698	89574103	0.229362508739838	48	0.115975371483691	0.90078360697754	2531	0.370617899022853	3	3	0	-6.79224767423416
chr2	89581083	89841131	0.497887757364643	31	0.0866400165807826	0.40005378989089	290	0.339748701129032	0	0	0	-6.77339396909514
chr2	89968860	90382688	0.273562604140429	20	0.183516376725119	0.695381259858955	663	0.332477713094827	2	2	0	-6.77845331820187
chr2	90383420	90398623	0.0214598583839364	31	0.153162630552787	0.0046935626271862	139	0.00300881477040281	7	7	0	-35.1399618071566
chr2	91443433	91963698	0.215937884645706	48	0.137507033991586	0.561187145530967	690	0.506111344063294	3	3	0	-7.06452014068732
chr2	94195995	95935405	0.166553772414562	33	0.115832297793496	0.873766222723254	2708	0.402724609779411	4	4	0	-7.08429234507401
chr2	95935492	95945270	0.496040332356931	40	0.118573354446163	0.640768375505586	100	0.380637362747264	2	1	1	-6.73478209174275
chr2	95950429	97206112	0.202270602319274	121	0.12678883281552	0.97779857156145	5282	0.352021216638969	4	4	0	-6.78028423789683
chr2	97208411	161235325	0.266936629126857	711	0.0935945784963424	0.909795249961603	47301	0.35271366134676	3	3	0	-6.82339545087698
chr2	161278642	161279071	-0.0013004052732758	9	0	0.0115127466525934	14	0.00343303281162798	0	0	0	-Inf
chr2	161424237	241851407	0.252800268127188	1509	0.0835299610615194	0.932212922641531	97362	0.347204325418267	3	3	0	-7.37003080292792
chr3	344564	10043446	0.367108733158096	147	0.103607659497326	0.985997417931176	8439	0.344029216217318	4	3	1	-6.84179570925579
chr3	10046582	10049257	0.118061154091129	12	0.0538336382391215	1.11675659168179	32	0.353583863301334	11	11	0	-6.73747301184728
chr3	10049351	69035010	0.368834879227835	1028	0.0976651885925264	1.0209715537571	85149	0.359930080245309	4	3	1	-6.77669066314838
chr3	69062898	75666204	0.437736098757425	80	0.10487557124058	0.741601311808288	2903	0.316245355429267	2	1	1	-6.94941196157266
chr3	75667694	75669482	0.477454140436419	20	0.130713618265275	0.107116321468277	115	0.0346934928183359	0	0	0	-8.27101527632055
chr3	75669740	75706043	0.0270940671103334	20	0.171985311490316	0.0204094923081254	45	0.0324153131290217	4	4	0	-21.5005446613608
chr3	75731921	90234801	0.498707634890248	47	0.127209166583642	0.73730532933345	2604	0.285017075920576	2	1	1	-6.79042726751264
chr3	91168786	93470778	0.498317006946194	9	0.210559967705165	0.330862539822271	105	0.662459583396376	0	0	0	-7.12053036962065
chr3	93874275	125681554	0.379533872635355	522	0.09200754144546	1.05050841373153	29342	0.384436842477759	4	3	1	-6.78079353390757
chr3	125696939	125921068	0.355408748550644	15	0.0792075633714237	0.544360318441395	253	0.238488137098018	1	1	0	-6.85912542384011
chr3	125922130	194672306	0.370905050616827	922	0.0998051771644304	1.02112182176209	62403	0.38691757730293	4	3	1	-6.7772416378234
chr3	194991095	198118767	0.496205116084494	248	0.111305725192482	0.75850590937842	8550	0.403447863052891	2	1	1	-6.73402717890163
chr4	46210	49016897	0.349177782497282	757	0.0923167747508193	0.936547260634572	40567	0.354514377232443	3	2	1	-7.54613092802342
chr4	49091357	49149730	0.0188757829789207	188	0.144991347763091	0.00385080473354181	465	0.00399778975828238	8	8	0	-37.7392885390497
chr4	49149825	49711888	0.494782980008996	143	0.169836105606714	0.0178399415287502	441	0.0694140590626086	0	0	0	-23.3268932774584
chr4	51848078	57040820	0.498767849627354	101	0.11909944509435	1.37040735818408	7046	0.487957131600547	6	3	3	-6.75689069204787
chr4	59235390	188143798	0.233928646159196	1164	0.092882207494111	1.06595748740029	83512	0.41849648512609	4	4	0	-7.12080611565359
chr4	188270817	189957506	0.216772548017491	16	0.144682122830247	0.64490552994215	218	0.382340576681548	2	2	0	-7.16383686031467
chr4	189979826	190112576	0.498370964333453	17	0.177196177425241	0.517081707376047	147	0.361352736540093	0	0	0	-6.73738018523915
chr4	190177640	190181749	0.488820587926672	26	0.217522921869079	0.00466054831967348	68	0.0030366144333545	0	0	0	-29.3951812788049
chr5	163090	45891317	0.498837203311348	562	0.107416412101571	0.851432239994457	27924	0.33495235001541	3	2	1	-7.56344040217872
chr5	49599458	49600229	0.446610724574319	17	0.143232790774114	0.00428013201309183	32	0.00232795078098951	0	0	0	-26.1632448656901
chr5	49600264	49658729	0.434650242991198	87	0.177006472666807	0.00186058877837608	174	0.00134230174271923	0	0	0	-43.4232161111204
chr5	49658778	49976214	0.498223031866807	75	0.182238377698843	0.00323860098424269	167	0.00362977132636237	0	0	0	-41.8173738732123
chr5	50402346	181283260	0.431782147729959	1779	0.0925674447057783	0.893131617840403	116928	0.333290835383476	3	2	1	-6.74092129986898
chr6	147404	32473499	0.488300715920123	1068	0.0869164780903001	0.976955526125973	45678	0.376239151965274	4	2	2	-7.15378484650852
chr6	32518167	32742444	0.307877737370719	179	0.109794877539963	0.943032670636146	584	1.10288097197895	2	2	0	-6.74104271990721
chr6	32742530	60425399	0.498919816756568	607	0.0937319787323527	1.07233034212026	45363	0.385858624144294	4	2	2	-6.87840331359355
chr6	62177126	157299382	0.498876363072115	932	0.0938528611793265	0.946187620676114	63609	0.357584970948228	3	2	1	-8.27548176543744
chr6	157310418	157314308	0.0323958157290182	35	0.137187309847497	0.00990514357504959	70	0.0048032942456991	7	7	0	-27.437579722401
chr6	157323556	170640200	0.381519187387986	330	0.0971308785193545	0.859548232801078	12480	0.323209232524548	3	2	1	-6.95269823066706
chr7	31439	256591	0.497762015826326	9	0.205752345740645	0.672010625983704	157	0.357320377984902	2	1	1	-6.7472980980935
chr7	258467	45103509	0.364802271466703	940	0.0996464000261928	1.00861493969765	44868	0.401854810931984	4	3	1	-6.83320792452558
chr7	45495357	45657696	0.369677390797466	9	0.111572597193238	0.760116972391633	129	0.468555744374392	1	1	0	-6.76647890193655
chr7	45662014	57060756	0.361806595248242	208	0.0994887216558489	0.97237072827064	8143	0.406129704614808	4	3	1	-6.88564154622961
chr7	57060914	58086438	0.386082675196303	10	0.180351631850425	0.68804946864152	398	0.286107322704364	1	1	0	-6.82616639799294
chr7	60957523	63012750	0.208448911328265	22	0.110721326406488	0.351453860723856	91	0.195418633939659	0	0	0	-11.3959892140301
chr7	63096280	70776988	0.498649748582351	105	0.126113510705307	0.845018024653136	5157	0.370120794272023	3	2	1	-7.05318597946727
chr7	71300517	100951493	0.365335750523071	474	0.109800264465685	1.02175644295845	39133	0.377875399471448	4	3	1	-6.75027935494256
chr7	100951774	100951908	0.109347936493395	14	0.0253554944519151	0.881283871902065	18	0.164129960064729	12	12	0	-6.73670012836274
chr7	100951933	102632085	0.363185239509155	408	0.0904664056148824	0.699423222896525	7934	0.323218806323903	1	1	0	-6.92805261590451
chr7	102639174	148266999	0.367316297428716	679	0.100755261342683	1.04362718088026	47035	0.376759433431957	4	3	1	-6.75034371327062
chr7	148331594	149103999	0.497692679114641	9	0.172720471025038	0.976783614399551	982	0.344315129280853	4	2	2	-6.74571972232604
chr7	149104245	152230042	0.370517237542595	174	0.078359547746324	0.99030884063923	10598	0.357024116077763	4	3	1	-6.76317824654378
chr7	152235662	152315055	0.240827527648128	11	0.110562035239786	0.965951845854945	192	0.42721739789138	4	4	0	-6.74006095029157
chr7	152380007	152407393	0.498392212546419	61	0.182928071205522	0.0792714496951605	141	0.0818413525724096	0	0	0	-10.5958256068392
chr7	152445688	159233344	0.367348345210211	145	0.131823921078772	0.918849777041102	4768	0.390888254553728	3	2	1	-6.85376406352488
chr8	266437	627249	0.447729181704888	15	0.038790278605415	0.912331128862948	178	0.391852748847097	5	3	2	-6.84174581977444
chr8	692357	1548622	0.497931410986174	9	0.212648444882889	0.843528819320429	99	0.433371265643901	2	1	1	-6.766810615485
chr8	1565531	7143822	0.498872247859588	144	0.0677007891619208	0.928541253249833	3233	0.320082033744351	4	2	2	-7.08844407209541
chr8	7297690	8020376	0.412396046890635	25	0.125357249491204	0.995892055057546	731	0.366059999578511	3	2	1	-6.77377143636942
chr8	8031623	11853550	0.498907732483494	64	0.0851837751313883	1.00942225994233	3350	0.38556326668698	4	2	2	-6.74194582141742
chr8	11907691	12532846	0.3148324549806	37	0.0970394489610007	0.848397169897379	988	0.390088725390239	2	2	0	-6.76664336855894
chr8	12538929	12694445	0.498239569823574	22	0.171872857719825	0.255705694656853	219	0.254946369854176	0	0	0	-7.23993167551887
chr8	12728752	38030499	0.498916728207749	554	0.100406059672346	1.07097777880779	25162	0.386269020084498	4	2	2	-6.8570586967789
chr8	38060030	38105828	0.10172244100152	13	0.0470560222582533	0.666221042645456	31	0.390273061286058	12	12	0	-6.99204221720411
chr8	38281455	43146910	0.487323732836598	73	0.112013371674055	1.07222632439044	6905	0.407688894646605	4	2	2	-6.76392742821087
chr8	46579451	57022745	0.459419756627034	72	0.113497533633313	1.00519594166222	6200	0.373490423294132	4	2	2	-6.84408217913146
chr8	57204235	57215344	0.251839134099574	10	0.158781506059952	0.0267139607054422	92	0.0138243494372299	1	1	0	-21.3806318851649
chr8	58416879	100706540	0.498886289091024	355	0.103230735894372	1.07877223865217	26072	0.436790541267615	4	2	2	-6.96439407304399
chr8	100706737	100709589	0.205007439712962	9	0.0399075320097737	1.10609215649372	59	0.240280296091159	5	5	0	-6.73536648397552
chr8	100895743	133302120	0.498901143579503	359	0.0847588341036279	1.07082510132285	20444	0.398545567517386	4	2	2	-6.88048320268043
chr8	133326124	134512401	0.486768259609322	9	0.14802205166048	0.81331068351379	245	0.396856391511387	2	1	1	-6.76304322050183
chr8	134512695	145052614	0.498922542301374	378	0.0984270127570343	1.01205300545804	19888	0.356908751877954	4	2	2	-6.75558952088236
chr9	12863	40883733	0.258663067631895	552	0.0910584428929806	0.90059566338708	32622	0.337838515249593	3	3	0	-6.74744194317697
chr9	40911161	41007985	0.474380549224645	25	0.16819185473738	0.0728116066861699	78	0.0541944996244433	0	0	0	-16.3075441077253
chr9	41008842	41224494	0.119543460284084	25	0.159498171358378	0.783439267831961	228	0.313930523368769	5	5	0	-7.09838063598778
chr9	41229514	41269222	0.498203717546019	48	0.21716463404556	0.0277519643200389	105	0.0599277006402657	0	0	0	-15.5421415653836
chr9	41794088	43129068	0.498624217564693	82	0.129050023680214	0.66891760736499	877	0.295596646167005	2	1	1	-6.86352230897243
chr9	61194086	62833681	0.0498469292752715	41	0.204841536017598	0.0918920035957181	166	0.279405667736355	0	0	0	-16.3011032187126
chr9	62845040	63762569	0.292965005495964	29	0.139609818701381	0.706207358358597	393	0.264975579844644	2	2	0	-6.78224934900317
chr9	63784658	63828675	0.490891687568093	71	0.178997788954792	0.0358845943432938	148	0.0657450797973382	0	0	0	-14.7772494231088
chr9	63837789	65646923	0.497937238671177	16	0.182655675612156	0.631077066289076	306	0.405940720609402	2	1	1	-6.93667632658861
chr9	65691040	128722247	0.375596880831148	933	0.100189574182538	0.983837744156979	67818	0.367992116882997	4	3	1	-7.35839406631443
chr9	128753268	128993785	0.0801174255915644	9	0.172652106850742	0.92282865713582	1349	0.338029313063334	6	6	0	-7.084445920719
chr9	129010110	138219529	0.368357555976185	540	0.0969144454674314	0.929767386743744	32274	0.335966959933503	3	2	1	-6.98439436465186
chr10	47663	3172919	0.448471418014867	96	0.0613883775216192	0.813597077312213	2827	0.303381854870728	3	2	1	-7.01978086730725
chr10	3411192	4990092	0.489222884225497	9	0.195815460177292	0.89015319525684	465	0.345952686544563	3	2	1	-6.80320977494759
chr10	4995526	38393151	0.498824349247081	509	0.0951106758153563	0.893062323855075	26214	0.330156736996924	3	2	1	-7.10183717600263
chr10	38407816	38728528	0.498522039827765	25	0.168261582067922	0.449570794180134	179	0.342498529444319	0	0	0	-6.73820120735745
chr10	38919139	39967657	0.119348142489349	10	0.126491106406735	0.0743265353288663	54	0.208382514111145	3	3	0	-17.7363647073638
chr10	41713374	42083613	0.00057253665653495	127	0.15216226809075	0.00588653741032952	397	0.0198536413224444	7	7	0	-33.2986635005532
chr10	42149013	42233024	0.498373074280519	22	0.170429639161626	0.284047254802594	61	0.299939412825524	0	0	0	-6.87816638403007
chr10	42271871	85602822	0.498848246013191	707	0.101708985047877	0.876552301059311	39141	0.330912060755049	3	2	1	-7.15130281251134
chr10	86685628	96620380	0.312974405460655	243	0.0856984448317884	0.76629501249216	12811	0.275248078392282	2	2	0	-6.75177108076264
chr10	96620520	133283702	0.432969745296958	716	0.0979249624323394	0.935828496702579	44237	0.344640849951901	3	2	1	-7.10056758241859
chr10	133283720	133626829	0.209207661290362	24	0.121768482809786	1.02916050654303	1541	0.376558449501217	4	4	0	-6.75038117002288
chr10	133688305	133787352	0.0686268305973889	16	0.20831001536172	0.00280687408568601	38	0.00300935005719077	4	4	0	-40.8030699453236
chr11	179321	1078249	0.341833093566477	203	0.0986526817024347	0.878721693179148	7103	0.31973710100901	2	2	0	-6.89691350599622
chr11	1078608	1099674	0.308956339182632	48	0.126764454601259	0.461707938313932	945	0.301298631544882	2	2	0	-6.76781578389479
chr11	1100037	32091511	0.409736732669572	911	0.0835516626811654	0.881517390992117	43128	0.341077936565029	3	2	1	-6.7785244227374
chr11	32388834	50553225	0.402519279579661	354	0.10422072866722	1.29215852903261	23122	0.492786984384862	6	4	2	-6.74890403191517
chr11	54591585	56360930	0.496661573640385	192	0.0788904387442596	1.07716696274291	2746	0.320295095341213	4	2	2	-6.75147457130535
chr11	56375722	56376223	0.176510200975877	11	0.10423478742287	1.22037718573683	37	0.19874618624403	6	6	0	-6.73420068982365
chr11	56376490	66590803	0.498927471846971	488	0.0834954309504323	1.08562139177469	41837	0.367966302588059	4	2	2	-6.83923533602861
chr11	66704560	67232172	0.439560797524579	9	0.219621834069384	1.06486393497452	1506	0.347305210388363	5	3	2	-6.75769528854127
chr11	67281098	134374737	0.498925375860581	1384	0.0922610352156842	1.08595166547205	86739	0.406783340627441	4	2	2	-7.26985752263342
chr12	12423	56101	0.498174489166542	19	0.164668477864888	0.648091633154462	104	0.466520008784154	2	1	1	-6.73589212091242
chr12	67521	11030242	0.49886472708662	507	0.113816738569338	1.12118728260422	28053	0.422554155741677	5	3	2	-6.96229839376715
chr12	11030399	11048634	0.228152676670702	22	0.0871958535890147	0.951224623880061	115	0.547786765263932	4	4	0	-6.73353120450012
chr12	11049127	34165416	0.498879087128218	418	0.0870156030122119	1.13961612979037	21728	0.430272792566746	5	3	2	-7.05504055420235
chr12	34209465	34209575	0.498974341249396	11	0.115014307410387	0.180571520288714	25	0.0382731411479817	0	0	0	-6.7750093982093
chr12	37814008	40480388	0.498863854648882	42	0.102595223607558	1.03668637639651	2687	0.377921405536075	4	2	2	-6.73318649992827
chr12	40482917	40503754	0.303342007708879	24	0.0704494371049606	0.413028262821494	1810	0.164938439323341	2	2	0	-6.91188726410842
chr12	40505179	40542976	0.239429679614017	34	0.128641097964692	0.90329733876415	826	0.299623257119033	4	4	0	-6.74090285431488
chr12	40908572	107320673	0.486051887440285	1117	0.0947640391322793	1.05436693132409	89563	0.383081223215113	4	2	2	-6.84891322840809
chr12	107610475	107799267	-0.000284514361916371	12	0.221985189241139	1.03905132487471	581	0.345022966271856	7	7	0	-7.1485592269191
chr12	107881603	133219447	0.483654922236332	570	0.0945870881667515	0.975109546055801	44395	0.367407277699888	4	2	2	-7.1136044155807
chr13	16115686	17765110	0.0337741898470167	10	0.158113883008419	0.0089949852534194	113	0.00320188294001633	5	5	0	-47.9859814906306
chr13	18173999	18178100	0.49911017722006	14	0.0934876438917976	0.588596867444472	50	0.158657280491824	0	0	0	-6.73753766269081
chr13	18206360	18215239	0.339795278295559	14	0.182764139724484	0.101988567547881	85	0.238491716584773	1	1	0	-7.06007282835219
chr13	18249027	19181586	0.329076982499392	34	0.129404756130101	0.552137939879361	895	0.236793212246209	1	1	0	-6.96287470225197
chr13	19181862	97434842	0.268189199613427	646	0.0881071990802781	0.906583835027295	42373	0.34738726939112	3	3	0	-6.80552949095745
chr13	97775310	114346436	0.368754537830578	334	0.106551532984172	1.02351422495008	16109	0.435800020037126	4	3	1	-6.73908484359223
chr14	16096984	16105080	0.022333810668307	17	0.166052791038768	0.0119485047838447	33	0.00607637626261314	5	5	0	-27.8531481471837
chr14	18601382	18646093	0.49864037327946	16	0.130515372657783	0.741392517647381	149	0.356282262168032	2	1	1	-6.73316118338039
chr14	18648824	19690462	0.333654987086016	92	0.145006184275916	0.578745151260704	1488	0.378211580747521	1	1	0	-6.82780363771186
chr14	19713343	105465225	0.348161707675068	1497	0.0927939256059282	1.05078166270434	107808	0.37746994017599	4	3	1	-6.84628097991381
chr14	105477680	105626201	0.250631087266975	16	0.176893753422782	0.979075753660046	687	0.405632232041004	3	3	0	-6.74189575911567
chr14	105641848	106639611	0.335961134347835	144	0.100093545018986	0.853008077691003	3969	0.292767862813458	2	2	0	-6.86228256934745
chr15	17081716	17082690	0.0443060243048924	11	0.202259958738973	0.0107996030559398	18	0.00485071250072666	3	3	0	-22.6498603900987
chr15	19964897	20291149	0.498741361584425	55	0.131475841772156	0.564767462070446	605	0.252706545165454	0	0	0	-6.82263036832315
chr15	20294673	20355089	0.276861507916104	21	0.167595317584324	0.0402120286316362	201	0.0565775973982917	1	1	0	-17.0897726542984
chr15	20438968	33012753	0.434271891859677	229	0.122456010422614	0.78393884056749	11396	0.333274943458355	2	1	1	-6.99801518769781
chr15	33066892	76259511	0.420808037774979	867	0.099932525976195	0.898522145185803	70742	0.329167098012547	3	2	1	-6.73852105395241
chr15	76260006	76261247	0.191460392494698	14	0.0725487710152569	0.667819313427408	63	0.202050971247551	5	5	0	-6.75286269985609
chr15	76261449	101966322	0.498893274984138	700	0.0851181880027882	0.988148771475204	31809	0.390081721631478	4	2	2	-6.93359832749137
chr16	14137	153145	0.140987304799799	21	0.107537191794503	1.11817526514928	949	0.384573409380238	7	7	0	-6.79790997119617
chr16	153153	1860262	0.418058896049835	405	0.096038332899622	1.09944558098117	12579	0.385871636415981	5	3	2	-6.79472287473076
chr16	1911673	2474332	0.314278994167892	102	0.10238107390681	2.02956802237388	8947	0.726558762657948	12	9	3	-6.73982881408585
chr16	2697856	29104256	0.498870541650423	789	0.103452896239301	1.1836941159466	50732	0.503858478821917	5	3	2	-6.92280400129546
chr16	29110726	29694559	0.0410131043302012	10	0.126482365920665	1.04869731956542	882	0.50537580589296	8	8	0	-7.37350687874713
chr16	29816360	32066259	0.498762173763629	80	0.119499906652154	1.28705455049699	14138	0.597985604217192	6	3	3	-6.73460712471131
chr16	32084343	33844900	0.498291937426604	34	0.152627390467293	0.685431907838538	759	0.411077400433067	2	1	1	-6.7904036859648
chr16	34062749	34266408	0.498002547614983	35	0.141989329697337	0.175466108901211	124	0.359605430662368	0	0	0	-7.54996764879578
chr16	34572792	34595662	0.453827615155868	69	0.190192137112994	0.00254148907774792	289	0.00178595593465747	0	0	0	-38.5011140196164
chr16	35169737	36105242	0.218469752846852	11	0.134219833245179	0.561274098851045	164	0.353695803826496	2	2	0	-7.39785166502597
chr16	46386138	46401545	0.468051364399622	72	0.184364373516746	0.00219394985241554	312	0.00176595584584333	0	0	0	-37.5328319083778
chr16	46663186	90008692	0.465604563362192	1042	0.10209584564887	1.14149517856682	72589	0.422623997675953	5	3	2	-6.87819839341363
chr17	116517	198405	0.324803817906995	11	0.171866385734542	0.812683070573866	169	0.692135429524892	2	2	0	-6.73554443454357
chr17	198411	315794	0.207920096913344	21	0.16847239423433	0.451994890682928	97	0.472975268255586	3	3	0	-6.94618588913457
chr17	327568	21018955	0.260315955774468	777	0.0897520555039352	0.872624920444048	56747	0.313779361912222	3	3	0	-6.80994942681977
chr17	21020957	21590782	0.32799625856734	169	0.107826764572033	0.739964248388523	926	0.319870966739391	2	2	0	-6.74302297180807
chr17	21663955	21666330	0.497840095463201	9	0.205859040230067	0.0243927962068732	20	0.0140198168018664	0	0	0	-16.0489697983501
chr17	21666342	21703443	0.267636381959763	17	0.130438626541825	0.511676200434576	73	0.254672830826209	3	3	0	-6.83826323461532
chr17	21970293	22053090	-0.00196100536397859	22	0	0.128888804809436	75	0.273024434110981	0	0	0	-Inf
chr17	22061965	22567449	0.360562727165523	14	0.170450292454434	0.536986016545999	112	0.269087638166745	1	1	0	-6.82306111846598
chr17	25074459	26620008	0.497939736391269	16	0.207510280869808	0.00263585348014542	75	0.00211813278301585	0	0	0	-50.0404232185533
chr17	26731874	26962477	0.10759175109016	40	0.209714358543918	0.0485330728176507	99	0.245025364801281	1	1	0	-12.9938227891576
chr17	26963326	31709634	0.234918966448484	150	0.115794825298869	1.92620284052507	16982	1.81717118299806	12	10	2	-6.74481639262287
chr17	31853155	31956308	0.119008850504362	35	0.0788667315446622	3.92776612255867	1108	2.30399540926675	19	18	1	-6.73388668012291
chr17	31958476	39614103	0.230721666855505	266	0.0994604605021073	1.72103357782973	17805	1.68311418593851	9	8	1	-6.74310303123988
chr17	39614376	39766006	0.106548984915254	34	0.0847675862108522	5.63110097574649	3983	2.38638636226994	20	19	1	-6.74440112101361
chr17	39783586	41315766	0.274872416274224	142	0.0943850182241245	1.45814787188236	7680	1.60418564120215	6	5	1	-6.74742802881508
chr17	41327045	41408255	0.073090502619496	22	0.0547583435695072	7.48281052178688	2370	3.32207193291205	20	20	0	-6.73608257193361
chr17	41422172	41622908	0.256388852912426	60	0.0732218110662336	2.37710607593445	2745	0.980596957345058	15	12	3	-6.73387594422238
chr17	41649278	41839201	0.071878616194026	79	0.047299243498949	7.86578048085614	5337	3.900021315158	20	20	0	-6.73900847228258
chr17	41841889	46717868	0.242479099520528	299	0.0805856129168259	0.9314341760408	19936	0.457430178142898	3	3	0	-6.80606939582017
chr17	46923163	47284319	0.13357635468261	31	0.0809976104784938	3.19084781379912	1477	1.81656551874423	17	16	1	-6.73398989760967
chr17	47368453	47818696	0.498497292154504	9	0.120131178301056	0.978172757533026	1354	0.398628921195725	4	2	2	-6.73833172823527
chr17	47818710	48535216	0.0739742572863168	88	0.0702401017320381	7.91142358945829	7071	4.30383972851905	20	20	0	-6.75130488843218
chr17	48543040	50073547	0.246479532154171	59	0.11342256889618	1.42525161179185	4316	1.19617723666988	7	6	1	-6.74145332752851
chr17	50073989	50279407	0.136209660741787	39	0.0697938259278843	4.77809412268083	4315	1.97761287081931	17	16	1	-6.74318639789256
chr17	50359652	51161675	0.258080999020115	40	0.0653084201584278	1.95122469894617	4375	2.05279123394607	11	9	2	-6.73328786882981
chr17	51502584	58192760	0.486892138069918	41	0.109491223615322	1.16869960304923	3736	0.452595541121646	5	3	2	-6.8391181873931
chr17	58214523	59174956	0.497926681099378	11	0.21140719003856	1.17090635011617	3429	0.411410531478851	5	3	2	-6.7769735999655
chr17	59499509	75040292	0.498856245384587	357	0.109603381790188	1.16333951257559	28635	0.431653334403321	5	3	2	-6.90215572097327
chr17	75093286	75571136	0.49801355116884	13	0.189519770973225	1.24514169296938	2766	0.429392655793706	6	3	3	-6.73748177424734
chr17	75588194	80707790	0.438814242782002	356	0.0947304056087346	1.15129270728624	19321	0.396938424938069	5	3	2	-6.74031459458906
chr17	80730764	80947090	0.498356398383248	12	0.205795941886544	1.04282217332176	404	0.38510289452055	4	2	2	-6.73313312379063
chr17	80947317	82571619	0.494347287620781	165	0.0773536302275889	1.13140500642876	9843	0.407485662264678	4	2	2	-6.78356391892437
chr17	82576300	82586502	0.446107142986664	9	0.148315916580491	0.777497512626056	95	0.355510506236866	5	3	2	-6.74207834354416
chr17	82586979	83085163	0.434451955827447	56	0.0969599713230209	1.09350490722255	1645	0.408812272623636	5	3	2	-6.74427108361227
chr18	47492	108059	0.49868087964083	9	0.197379991668637	0.481491612024399	146	0.326035613913442	0	0	0	-6.73311144998854
chr18	108075	108535	0.359320821827448	14	0.119277794696634	0.00329464025687604	25	0.00123423390543824	1	1	0	-28.9942697982456
chr18	108626	110990	0.00969358619452032	13	0.138675049056307	0.00428619132916741	59	0.00407189910989851	9	9	0	-28.008479288163
chr18	112164	112455	0.110007172653171	9	0.180640527014289	0.0528068219637563	37	0.0200734013421104	3	3	0	-9.4543229586721
chr18	166819	15005786	0.418113902965635	327	0.0987759575032282	0.906406988766496	14279	0.377213524917099	3	2	1	-6.74530734386402
chr18	20959818	26113401	0.340368846142323	89	0.1493838767925	2.02900997979451	7856	1.77400996866038	11	8	3	-6.73830810734615
chr18	26134145	52759028	0.498812185094119	224	0.102528922713511	0.692490260113744	14325	0.260339792132125	2	1	1	-8.10626150353428
chr18	52792769	63801072	0.261669351925636	188	0.094919157505142	1.07993511316777	8468	0.417443265221637	4	4	0	-6.87058093725313
chr18	63804289	80160338	0.371926003626811	142	0.0897776053909175	0.937889069793296	7201	0.348297986374492	3	2	1	-7.09189612200782
chr19	281360	7447179	0.349351393073974	820	0.0934926939324981	0.926175192170298	33260	0.336747088741522	3	2	1	-7.12080799567394
chr19	7450660	7451357	0.0293585272787811	21	0.0859843839642658	0.244943370503972	36	0.357753416675309	20	20	0	-6.90390559467638
chr19	7459841	20129449	0.350950703294288	1003	0.0936010310733377	0.959058475851579	63171	0.34098384555197	4	3	1	-7.09429572935401
chr19	20132668	23935137	0.371822753742208	243	0.115433714550176	0.699029501465799	5761	0.30756079384689	2	2	0	-7.01313074203972
chr19	28435315	39893983	0.498899185334398	470	0.108914232950856	0.993612657152143	30409	0.351575865801687	4	2	2	-6.81955123998345
chr19	39894014	40367933	0.498467062969711	26	0.115780800852965	0.999258452077149	1967	0.318621589109124	4	2	2	-6.73637979568081
chr19	40376579	49171238	0.498928159459878	760	0.0867099412024677	1.0028944564922	42571	0.380410022558845	4	2	2	-6.76666261839391
chr19	49188565	49427714	0.497889681048123	9	0.192329650455785	0.97394739732542	1100	0.328782136362867	4	2	2	-6.73782955503842
chr19	49428528	54122058	0.498914769127419	505	0.0888907780523748	0.923037626380465	22282	0.343298951449316	4	2	2	-7.02560698552736
chr19	54122085	54850668	0.496357513573726	395	0.118892476735175	0.835535435265435	6812	0.304210811849028	2	1	1	-6.78217323885974
chr19	54851913	58563286	0.498908838720437	351	0.0761679589131675	0.93404196414481	18437	0.311187187782071	4	2	2	-6.96133357043399
chr20	62407	188087	0.258883510977321	9	0.100820935876985	0.722648639599495	115	0.303422476989319	3	3	0	-6.7728264711845
chr20	188140	14326307	0.259386983799744	326	0.0807782341057189	0.869042617578257	15150	0.312813187026799	3	3	0	-6.80691711069128
chr20	15499581	25498422	0.498901243770615	209	0.0998696705459554	1.25324463416806	10737	0.483646088097311	6	3	3	-6.78838681932733
chr20	25504663	26081626	0.269986984208925	24	0.0895772680791379	1.14991236189252	461	0.415172317752852	6	5	1	-6.79065966215388
chr20	28548947	29090542	0.469274468458418	64	0.171672473751757	0.16190629048808	239	0.360063261477889	0	0	0	-8.7854873755181
chr20	29091820	29094651	0.498485084332219	10	0.122743454226918	0.595081325378351	28	0.256628671687859	0	0	0	-6.73442057320458
chr20	29113846	29411665	0.191366177034081	109	0.17924859682333	0.130184318206186	314	0.15177963533132	0	0	0	-13.1542070036305
chr20	29415836	29416706	0.498513283351731	18	0.149106675415941	0.731723717555095	54	0.0998163880370088	2	1	1	-6.73313922190017
chr20	29447813	29787893	0.273342496762578	56	0.183389004436067	0.300743298239668	171	0.538985680206341	1	1	0	-7.2927455407145
chr20	29800090	29800335	0.0777169288094018	19	0.074158475794502	0.436174639841842	23	0.136080843793059	18	18	0	-6.76265063694944
chr20	29800400	29884567	0.0288264459116301	63	0.173542591988246	0.022801404415947	123	0.0364488892111055	4	4	0	-23.1132509844291
chr20	30388427	31052103	0.498410493786559	128	0.193351213773325	0.526556726619848	576	0.511268345757678	0	0	0	-6.74892297277073
chr20	31052137	31241830	0.0148379729769484	149	0.160039290081129	0.00659919396881609	407	0.00512769959683405	6	6	0	-39.1407802904162
chr20	31259408	47894848	0.498910838474832	349	0.111893445818213	1.30031252460175	39258	0.480205017022812	6	3	3	-6.73721861105482
chr20	47894872	47895439	0.212755405794159	15	0.155657071183817	0.0179072535319989	25	0.00885663593019381	2	2	0	-16.1480145503817
chr20	48625775	59847071	0.498911683802144	186	0.081067615587278	1.27326894547522	12865	0.482541418361735	6	3	3	-6.76042723941189
chr20	61254791	61924600	0.498456362446267	9	0.224240632159096	1.01279047755844	267	0.478518577139042	4	2	2	-6.73380248264657
chr20	61928292	63564900	0.492378057301245	131	0.0978070403713995	1.23821730251812	7983	0.477749632972315	6	3	3	-6.75146182599363
chr20	63566523	63689836	0.49876161735119	9	0.224543858621082	1.16913650109749	840	0.415055968994861	6	3	3	-6.73883279591825
chr20	63696006	64084195	0.499575121798116	36	0.0482073810458688	1.21156065621262	2243	0.455887822668312	6	3	3	-6.74032423934415
chr20	64088659	64327831	0.497812365615689	9	0.20271901736147	1.20340491838319	773	0.451955066894195	6	3	3	-6.73843972437683
chr21	5218123	9008758	0.0152562305918462	113	0.172155457137583	0.174212537213654	558	0.37645990856423	0	0	0	-15.1479372840521
chr21	9009108	9088323	0.341739856025754	38	0.114388372913301	0.258386420614132	195	0.16700673152393	1	1	0	-7.89068039612308
chr21	9131029	10327751	0.490828794732444	66	0.165456872598199	0.0271809920395274	230	0.123068333129721	0	0	0	-21.3469882452571
chr21	10327892	10472243	0.403345843314312	355	0.183118049195364	0.225436914731159	1553	0.208909113333554	0	0	0	-7.83642776782301
chr21	10473113	10649650	0.49842148539862	31	0.138013931040639	0.600848551247927	481	0.235132289901517	2	1	1	-6.83100483868221
chr21	10655544	13052061	0.221043077212431	40	0.0979742214917938	0.197957420032163	151	0.347857757080603	1	1	0	-13.5071799404102
chr21	13373642	46554669	0.423305006215132	776	0.0982296320037473	0.837010515521475	30570	0.332266723667312	3	2	1	-7.4337775635381
chr22	10685603	11065700	0.498579890264359	326	0.178728425099787	0.135612455593091	1088	0.199453716264059	0	0	0	-10.8971293417618
chr22	11065774	11279296	0.49850302702083	48	0.15181732297975	0.504230544609297	198	0.23184184823592	0	0	0	-6.74132317900448
chr22	11307173	12698641	0.498364490401466	140	0.181499885899981	0.1308722415712	468	0.30926215102692	0	0	0	-12.0282903592156
chr22	15277980	16472986	0.498615115866444	64	0.146221931236744	0.57715332070452	760	0.329580198662468	0	0	0	-6.97151244169482
chr22	16572059	26294573	0.409308459439677	535	0.096292678863973	0.811987088446699	23219	0.314128022422645	3	2	1	-7.24884879687847
chr22	26306242	46464419	0.498858431362687	738	0.097275234716533	0.871590796410217	42510	0.337623984248955	3	2	1	-7.1556289335727
chr22	46635113	48679039	0.498444404057844	29	0.148222630781747	0.82241015872614	759	0.400424750892213	2	1	1	-6.78912503701539
chr22	49620721	50770109	0.445162971878093	153	0.0776909069388679	0.839504814493234	7189	0.293877926700274	3	2	1	-6.81786778464525
chrX	284193	1345291	0.357721787440417	59	0.0736366758034211	0.497856598667534	905	0.189158089081949	1	1	0	-7.5284968207262
chrX	1348326	7844011	0.20745624716638	79	0.112517450051314	0.771823993770355	3047	0.435350767311039	2	2	0	-7.24685267976367
chrX	8597331	56284216	0.012544024622408	67	0.0849377615543062	1.04757054941323	32601	0.497980822446222	4	4	0	-9.26474891142407
chrX	65457665	135521405	0.0371951214739846	36	0.108599131803949	1.03574429292752	34210	0.486277839332115	4	4	0	-8.19920628430196
chrX	135614866	156025116	0.359646768490807	76	0.155715728396895	1.01738173990156	14936	0.477018569402717	4	3	1	-6.74759824402454
chrY	3852278	10683334	0.0388245069201695	13	0.229532272464166	0.395303611809566	858	0.169982365322309	0	0	0	-11.3873667240339
chrY	10684244	11303499	0.49831909348479	182	0.188561187049751	0.0305568608346192	437	0.30500122910133	0	0	0	-13.9346895876435
chrY	11304785	11305595	0.433903359156503	15	0.116585264118257	0.00325545552376066	28	0.00435221770386075	0	0	0	-23.0099538949731
chrY	11306160	11308266	0.227156285360625	33	0.151971631872331	0.0489030490346508	93	0.0358782647730204	2	2	0	-10.6423128082134
chrY	11310296	11312891	0.0946861577358731	35	0.184804975559633	0.00360961918862174	55	0.00528819280709234	4	4	0	-26.204026582239
chrY	11314162	11322569	0.245949547228087	78	0.154221681375632	0.0354767763610094	223	0.0318969247487475	1	1	0	-15.2061258898921
chrY	11322672	11330343	0.0111169036005124	39	0.178794482399688	0.00414448777634159	93	0.00346106372836984	6	6	0	-32.293637433033
chrY	11331656	11368988	0.378735503756122	80	0.174189751311681	0.0661789806174462	218	0.156853656804354	0	0	0	-9.34850124169948
chrY	11533149	11986608	0.470039557805562	45	0.124093000315379	0.148700231635036	236	0.260089764352802	0	0	0	-9.8685349190148
chrY	26436900	56851491	0.498429472000071	326	0.189703514035392	0.0269314230391169	660	0.171508011346525	0	0	0	-29.0578299306527
chrY	56852635	56880520	0.479897185461575	109	0.179133264079272	0.0907290289112427	335	0.0974284494469706	0	0	0	-9.62075819322656
