chromosome	start.pos	end.pos	Bf	N.BAF	sd.BAF	depth.ratio	N.ratio	sd.ratio	CNt	A	B	LPP
chr1	13273	12838263	0.216817163694959	670	0.102900662431753	1.10116915557842	33724	1.21406190722418	2	2	0	-6.75016056155143
chr1	12838903	13392592	0.498569759253028	83	0.128414197013845	0.746104692249662	1621	1.03828698492114	0	0	0	-6.78144329578128
chr1	13401561	16948523	0.240144529193156	350	0.123795520237792	1.18185034293164	9880	1.46106212767267	2	2	0	-6.75786718596888
chr1	16960919	27333849	0.402448304639593	546	0.0874278394809615	1.45134578563926	32728	1.88671961187622	3	2	1	-6.74872830632039
chr1	27334077	36509547	0.314270009434164	181	0.114676919324073	0.886140322339467	19189	0.782882235665282	1	1	0	-6.77484359388977
chr1	36859082	45561683	0.498859392634663	348	0.0960719016511043	1.14997950122385	23832	1.33939313388692	2	1	1	-6.73365880488761
chr1	45570088	72993163	0.314662203864248	512	0.109066897873217	0.871423135993723	29766	0.827316840098733	1	1	0	-6.78991508408858
chr1	73129962	121564769	0.498893126791572	831	0.0912205183615383	1.21962836311381	56687	1.35217951071763	2	1	1	-6.76530798843513
chr1	125094607	144423182	0.254032047818784	11	0.182119191739915	1.23522045581869	901	0.928385139684297	2	2	0	-6.80512433369471
chr1	144423252	248406068	0.49892280786377	2935	0.0908887040112891	1.17279033988392	181449	1.32272702760345	2	1	1	-6.7343818757363
chr1	248441064	248936638	0.293772124356393	43	0.121203013752281	0.895526128179145	1177	1.08733166595423	1	1	0	-6.73628187982602
chr2	154452	89610875	0.498911749192687	1726	0.0916703444485773	1.19301896719181	104618	1.45073220097986	2	1	1	-6.74665067359316
chr2	89611666	91963698	0.34929029962669	65	0.138706961446952	1.12004546378891	1868	1.52585284256034	3	2	1	-6.83289147001502
chr2	94190317	97556906	0.491122487347824	172	0.105479491497708	1.09711848887369	8971	0.971298636395326	2	1	1	-6.74516441063173
chr2	97558675	141254467	0.47851674890711	735	0.104183147722131	1.03464572401582	42503	1.13022841427596	2	1	1	-7.03746189746911
chr2	141254732	241996006	0.40533575692796	2090	0.0964447568575225	1.35189513317879	148880	1.71676160624212	3	2	1	-6.95874001372824
chr3	51248	75604454	0.498909275229315	1544	0.0961725889878303	1.16322004868254	110455	1.35752946699587	2	1	1	-6.73322925340058
chr3	75604998	90234801	0.496168899593374	181	0.111053974013811	1.41496045731607	4827	1.84678875037062	2	1	1	-6.82876593144642
chr3	91374136	195774387	0.498916151993315	2118	0.0958447937394873	1.27944253487805	118773	1.58681039845127	2	1	1	-6.94091330027613
chr3	195778201	195789759	0.48539846233068	67	0.0965286167827076	0.443072058865304	1023	0.290051511364919	0	0	0	-6.747983791348
chr3	195790007	198080370	0.415097767447001	174	0.105736823114787	1.5642338517765	6860	2.1182291705453	5	3	2	-6.76849661294173
chr4	46210	10571786	0.498871324999858	540	0.101749790104444	1.0868978274596	22459	1.17270896982117	2	1	1	-6.75558165165601
chr4	10584752	49017215	0.460504203694595	446	0.088145553834296	1.30477109524705	27547	1.77063516900338	2	1	1	-6.94297916383165
chr4	49120991	49555834	0.250716704710449	24	0.11458241765115	2.74678503438082	186	1.01842221115526	6	5	1	-6.74864659929522
chr4	52808237	66094468	0.499170517682603	118	0.0858755437279736	1.28682474417686	8032	1.63372087967519	2	1	1	-6.76207375070322
chr4	67446095	83319527	0.351922385020343	408	0.115069869707438	0.911098774325966	19229	0.810267026208631	1	1	0	-6.96225569197857
chr4	83943228	94739376	0.499111994311502	111	0.0707869882591265	1.29267426397431	9843	1.46548858361708	2	1	1	-6.765132213013
chr4	95185171	140679390	0.355661488371812	450	0.106014099369062	0.944323787187113	29529	0.975678711066974	1	1	0	-7.30622248620346
chr4	140686525	182701512	0.498855493415662	393	0.096432604894304	1.23716416642486	27455	1.61162298543478	2	1	1	-6.76716495247822
chr4	182736762	190179679	0.32395518685719	177	0.101503846630767	0.883004398296887	7501	1.05013524745781	1	1	0	-6.77777839192887
chr5	163151	2755077	0.498592602685779	129	0.136006630043163	0.702364074891695	4573	0.51160318803613	0	0	0	-7.34254215868141
chr5	2770905	46206800	0.498885321500293	587	0.0939352351869419	1.26496402387305	32227	1.48206346899493	2	1	1	-6.81113566276296
chr5	49601562	50402346	0.478910064407171	32	0.153949915923664	2.42140413734771	276	1.11568853351678	6	3	3	-6.74461337532041
chr5	50403152	70511137	0.498858777832684	254	0.101761959978709	1.27043710768122	17072	1.45853174525724	2	1	1	-6.77470111745786
chr5	70511230	151713931	0.291505059420607	1580	0.108393122293281	0.847156225446142	81624	0.774986136112511	1	1	0	-6.75850624064881
chr5	151803784	181283362	0.202788078740976	546	0.107492058100555	1.20735736424593	36034	1.41117704800711	2	2	0	-6.75163169684453
chr6	292833	27472225	0.293462988113138	551	0.113319277895607	0.851566132613894	22636	0.938578718543465	1	1	0	-6.74391923537361
chr6	27864338	32521981	0.498889173828192	546	0.0924006660309983	1.14531414020069	22609	0.994163240233569	2	1	1	-6.73400648132737
chr6	32521989	32638924	0.335935433693694	160	0.126163260881393	1.14795320484931	399	0.566658209642357	4	3	1	-6.79168583673398
chr6	32639016	60873573	0.498898616591208	981	0.0911291731203389	1.18559734956638	50964	1.24282247158191	2	1	1	-6.73622026243412
chr6	61181989	160711693	0.498907981185714	1458	0.0909654740292963	1.2570705362242	92577	1.66989594831333	2	1	1	-6.85234135010064
chr6	160711772	170640200	0.338077186152882	192	0.115026675594775	0.882715700138376	7446	1.04003173628631	1	1	0	-6.81375209904072
chr7	31439	57645196	0.496660791052351	1360	0.103774171181996	1.18833838015871	63118	1.48584628972665	2	1	1	-6.73937768355612
chr7	60957523	63016008	0.306427882555468	22	0.142531632397045	2.25167993110158	106	1.65580010341822	4	3	1	-6.75658471538528
chr7	63113858	100886781	0.498881021027382	857	0.104531013343552	1.24027215870977	53407	1.45945232989008	2	1	1	-6.77360426219362
chr7	100951943	100969505	0.407101615227102	264	0.0846798610394037	0.803714090070388	1180	0.259034147791311	3	2	1	-6.82029015637103
chr7	100969561	100981437	0.498923124127226	28	0.0955202061783777	1.91291760460916	93	2.51190802687596	4	2	2	-6.7331081813502
chr7	100991359	101041312	0.498809356203961	64	0.116245932468522	0.430745948279182	1514	0.379704000940079	0	0	0	-6.73787219826844
chr7	101047792	101965638	0.499342034989271	36	0.0571634804054432	1.30792789807433	2064	2.01816812782301	2	1	1	-6.73489750003046
chr7	102282795	152319418	0.292490193241302	1051	0.112901478953907	0.832485736486988	58410	0.801691368569423	1	1	0	-6.73627771513319
chr7	152379862	152662865	0.394250121807026	54	0.136334393080205	1.495212303614	344	1.25727909808849	3	2	1	-6.73388451435175
chr7	152676167	159232490	0.296882190090275	145	0.12165277711617	0.856942516351373	4870	0.800042418934434	1	1	0	-6.73832079201142
chr8	266437	12113143	0.498839785956312	303	0.103190598451452	1.15406705881475	9270	1.29074714886345	2	1	1	-6.73354335645591
chr8	12121913	12434084	0.372913096394284	64	0.108614246595426	0.656855202918629	907	0.765259779687495	3	2	1	-6.95622746569694
chr8	12435824	12960890	0.498630516309126	22	0.113298403071394	1.94147507007185	614	1.52429618452323	4	2	2	-6.73358853722126
chr8	13006531	43317266	0.498876703336565	648	0.0935734968390286	1.19087594280775	38446	1.40914788263602	2	1	1	-6.73725558841392
chr8	47122171	129749398	0.498880713586054	841	0.0933365082279694	1.25440081486805	61486	1.57042071578693	2	1	1	-6.83904087219215
chr8	129760397	144889982	0.498864591434002	493	0.10515173802352	0.958567207851176	22778	0.964667577876435	2	1	1	-7.08533121562517
chr9	12863	38620027	0.30557944016053	691	0.112727555272601	0.850674456680285	34591	0.868162357908194	1	1	0	-6.74682306013544
chr9	38628332	43266193	0.498707677806238	271	0.121480804639494	1.55798409156568	2945	2.02078659738885	4	2	2	-6.75073241673384
chr9	62561929	66990081	0.38544353446636	97	0.132573445409837	1.52357324727343	1656	1.66949539960173	3	2	1	-6.73375888166163
chr9	66990398	138177422	0.498915243370584	2029	0.0915470672783719	1.17296927446049	118331	1.36177810407508	2	1	1	-6.73397538216014
chr10	48005	38949629	0.498886507314708	920	0.0961669314556067	1.2442951940958	40362	1.55703040377524	2	1	1	-6.77369570012317
chr10	42185628	133626881	0.498904323054657	2122	0.0946725885283331	1.1652725240879	122943	1.39718695475242	2	1	1	-6.73311622705257
chr11	180318	1183926	0.32801831098454	338	0.126362133267983	0.698958860420496	7327	0.509400157630457	1	1	0	-6.83206884255921
chr11	1184184	1195265	0.371817090924234	36	0.0602009861228097	0.251881324941583	551	0.120494839867032	3	2	1	-7.96885259535008
chr11	1195858	9781405	0.351851226111565	651	0.112304960844027	0.737824560432992	21109	0.587681493762532	1	1	0	-7.06915726645548
chr11	9805911	50553225	0.485505245325748	702	0.0914590808380249	1.17617673869158	46310	1.35103138134646	2	1	1	-6.74911033221591
chr11	54568747	135055605	0.498918553131108	2214	0.0889021291462637	1.15988604324769	142783	1.19174416470383	2	1	1	-6.7340029882674
chr12	12280	67521	0.237663325158383	29	0.140983561212007	1.45398149090779	226	1.23913181111201	6	5	1	-6.73980330182622
chr12	125823	34209560	0.498873171780231	1120	0.099523144092742	1.24134524216784	57164	1.43035156062029	2	1	1	-6.77223821205878
chr12	37814008	48819023	0.498860981535145	258	0.0917772326447947	1.06734509543083	15703	1.27929064591049	2	1	1	-6.76437925374498
chr12	48824388	54293448	0.2764110269229	421	0.102534381222372	0.788204956611742	20835	0.645817866204925	1	1	0	-6.79103475790351
chr12	54371011	92425010	0.498875767947034	541	0.0893033503801985	1.2295282989793	47281	1.37023145014436	2	1	1	-6.76735751670024
chr12	92531120	92653506	0.118441888863678	14	0.0398180615045236	2.59498370005415	33	2.10065125994514	5	5	0	-6.73602098982811
chr12	92853761	133219447	0.498901980259555	1127	0.0929732586173284	1.19519540868558	73764	1.40826022369718	2	1	1	-6.74066794026847
chr13	18173470	80337390	0.317721253130645	1062	0.115773840521022	0.944633729262134	48279	0.984509185036549	1	1	0	-7.29473590007038
chr13	80706911	91410635	0.422504116428585	24	0.132165136054883	1.19198524282086	1219	1.58553318246543	3	2	1	-6.90167673832174
chr13	91756205	114282225	0.298952839667819	405	0.116788090565914	0.815593810109208	18226	0.79553113060187	1	1	0	-6.74328531512289
chr14	18330642	20325144	0.299629890798133	136	0.110607293457588	1.08221575860444	3341	1.3546952159712	1	1	0	-6.77720111276315
chr14	20346706	32773657	0.498889682933557	484	0.102398914394548	1.18692402322443	27354	1.25348514233413	2	1	1	-6.73462763732267
chr14	32776409	34486331	0.443246452251859	27	0.118695581323152	1.36019136305854	918	2.01378277826448	5	3	2	-6.80403395377957
chr14	34648562	103965566	0.498894011409628	1392	0.0987505442833651	1.24752455587906	89071	1.5232604338379	2	1	1	-6.81424448039408
chr14	104093515	106810329	0.311137182784392	379	0.116518798232782	0.567837054298321	8210	0.473922724878937	1	1	0	-7.65253625379744
chr15	19987881	29252452	0.412466353605989	288	0.116281683902197	1.51064723784679	11760	1.95745444502639	3	2	1	-6.7572509407563
chr15	29282349	30003041	0.242243572885602	28	0.143065396486913	2.65092072720756	1352	4.77062929640636	6	5	1	-6.73526634550708
chr15	30005618	34788967	0.290194575499202	193	0.131046260569794	0.787327895689669	7258	0.741686006056901	1	1	0	-6.75382142519189
chr15	34789373	43746701	0.219149292129051	354	0.0953786910205264	1.10652217835952	23812	1.12629493579969	2	2	0	-6.74568734137868
chr15	43761419	79294440	0.49886223458081	854	0.105685527874708	1.31957426369618	69235	1.61894432595221	2	1	1	-6.85541601045585
chr15	79319754	93113980	0.383739153094622	475	0.0918924086281941	1.56857903582954	27658	2.0577402277553	3	2	1	-6.73920610772313
chr15	93125732	101976531	0.283390501236057	280	0.109071664317499	2.50693229219046	10829	4.17744009913124	5	4	1	-6.74932280674475
chr16	16703	4203116	0.498892300142614	525	0.0961420652676143	1.03473706052225	25729	0.94073839898087	2	1	1	-6.77321894595184
chr16	4204478	31622900	0.49887745972901	799	0.0981709804394086	1.17315514903084	57986	1.25411325302287	2	1	1	-6.73351993172754
chr16	31974377	36101193	0.492902351839738	66	0.123110578149136	1.33825699884285	2021	1.11562668859804	2	1	1	-6.7726433541751
chr16	46386441	78825973	0.498882100657693	740	0.0965469660394782	1.13751398360467	55297	1.30042819989377	2	1	1	-6.74005424914452
chr16	79211568	90175195	0.286391070384946	474	0.116275776954474	0.766638906914698	17382	0.666110705591674	1	1	0	-6.84418118003085
chr17	147688	20981687	0.292090554968393	1090	0.115188593579763	0.805535800178368	57333	0.695980913921565	1	1	0	-6.76640783740618
chr17	21002944	21703531	0.450607873695833	178	0.112855561394084	0.788690723514101	1130	0.787126681747694	2	1	1	-6.94767965651774
chr17	21754640	22331517	0.348099047912597	41	0.116495388791815	1.58013149902559	278	1.64031157235397	4	3	1	-6.77436777504491
chr17	26594874	72791219	0.498910307567056	1617	0.0940994599475357	1.23301526840547	123158	1.42010627853853	2	1	1	-6.77596617199374
chr17	72849888	83094728	0.498893046308213	786	0.0932810579495735	1.16413001014109	40384	1.23446413071591	2	1	1	-6.73312267719584
chr18	47492	15107668	0.498829997993917	467	0.102573289612539	1.27643455422971	19062	1.50415378802612	2	1	1	-6.76574790170193
chr18	21165412	46086094	0.49887215068005	370	0.0859783402211412	1.22864906406442	20400	1.51009429881047	2	1	1	-6.75114652042646
chr18	46228631	80147240	0.300904018532302	437	0.108960535494735	0.831229344380109	22289	0.832802639332204	1	1	0	-6.73326174458274
chr19	261438	24364590	0.288330549215454	2183	0.114917432080143	0.783405790290107	94207	0.667096142681372	1	1	0	-6.86257085103201
chr19	28724114	39892766	0.498881160350507	505	0.0959856095807168	1.10342837211221	32585	1.12317891332823	2	1	1	-6.7491372082458
chr19	39893486	40237787	0.30158972963076	33	0.145042333162049	1.00942811686883	1669	0.959870889597101	1	1	0	-6.74125791959816
chr19	40237832	54502908	0.498899594391142	1507	0.0981553868078196	1.11456322308562	72629	1.07407345147448	2	1	1	-6.74806480608592
chr19	54532593	54889804	0.498761038221383	197	0.099063444004589	0.747982200818542	2929	0.765614326742441	0	0	0	-6.79111240942538
chr19	54894268	56665114	0.498865738864417	191	0.100956321159369	1.06028733563246	9873	1.03639481597965	2	1	1	-6.74199766132875
chr19	56679209	58571238	0.374914656670027	221	0.0877248955629017	1.29479939037217	10932	1.92493912501361	3	2	1	-6.75519649673243
chr20	101498	12754421	0.382898062650571	429	0.0948244852633962	1.54364502392101	20357	2.05471753561546	3	2	1	-6.73721366995084
chr20	13093596	26110667	0.104291270935068	304	0.0952341908753895	1.17170013952854	12887	1.3374842229347	3	3	0	-7.23760149811168
chr20	28560028	30877130	0.490887686940458	203	0.121753493516353	1.86885017373955	1140	1.31225325705045	4	2	2	-6.73673878946001
chr20	30918077	64302540	0.498899282207036	1008	0.0995567969729896	1.16469272714858	64861	1.35758366849244	2	1	1	-6.733113188427
chr21	5134390	13052006	0.332556445791292	441	0.131653237222488	1.32933749253596	2702	1.65036867857235	3	2	1	-6.86653660914531
chr21	13384473	39680600	0.308093748901064	479	0.109965184386869	0.89696685075551	18975	0.980208595636869	1	1	0	-6.82273127276493
chr21	39765435	46663614	0.292040039757202	496	0.111145847779652	0.741729329732267	14041	0.55511671945031	1	1	0	-6.91428924477656
chr22	10703430	11064226	0.498673531148417	292	0.131584363788328	2.19977049754712	895	1.27794961316273	6	3	3	-6.73519018479559
chr22	11065949	11068310	0.427036198046291	43	0.135801773980196	0.758658833572082	115	0.305173832744912	5	3	2	-6.75015756299022
chr22	11301941	12632346	0.49842025676091	29	0.138529655732054	2.0502355605327	366	1.16254969581162	4	2	2	-6.74070091174856
chr22	15529277	16904736	0.356446195469062	101	0.130261980502203	1.03445318180964	1449	1.01184548375092	1	1	0	-6.87830237452675
chr22	16915084	50798897	0.29237863059256	1569	0.115431069848164	0.781266093893976	72338	0.702343517545892	1	1	0	-6.90434222253893
chrX	284193	49590848	0.196403790580896	175	0.123626595466883	1.30483640100581	36261	1.27657367837829	2	2	0	-6.96854931185482
chrX	65956689	156025116	0.498539076913773	58	0.131072055936992	0.996909860205338	54181	0.628605272034119	2	1	1	-8.98280530592504
chrY	9468442	11722025	0.369563130889366	124	0.137640223185493	1.63678407588828	729	1.68643448712493	3	2	1	-6.74882588340893
chrY	26436903	26634736	0.317171259080057	10	0.100292682795019	0.772889195055441	138	0.333116415826625	1	1	0	-6.75527334316363
chrY	56830432	56885614	0.48462560821759	113	0.128832952607721	2.50207226638289	393	0.917406785399857	6	3	3	-6.74156253627133
