chromosome	start.pos	end.pos	Bf	N.BAF	sd.BAF	depth.ratio	N.ratio	sd.ratio	CNt	A	B	LPP
chr1	15820	2645196	0.498852017726157	157	0.12962589231396	0.984315426765978	11738	0.376360659908461	2	1	1	-6.75851099889478
chr1	2652208	2759620	0.0388291105636461	35	0.173055463009149	0.0129839669182472	119	0.00866669862202356	13	13	0	-33.9482418522299
chr1	2783572	12841144	0.498886918998602	274	0.140505308743047	1.02782442363151	20895	0.40657024577667	2	1	1	-6.73385169807625
chr1	12847596	13105612	0.270959856554688	69	0.104165446881179	0.922906698068296	739	0.443704925246202	7	7	0	-6.91939552571944
chr1	13176222	16409637	0.498819000201333	190	0.110138463902739	0.96298768916279	7679	0.366501698588164	2	1	1	-6.80264255126853
chr1	16490636	16645453	0.498465986454703	55	0.142695673441262	0.663770262787828	828	0.292997888777252	0	0	0	-6.7965520985261
chr1	16645572	34757744	0.468905525841464	543	0.109178960995452	0.984916438574134	40904	0.39620183024969	1	1	0	-6.89930007027058
chr1	36055573	36471331	0.498184418279225	10	0.225205313732455	1.0828265311085	1828	0.403162919260583	2	1	1	-6.73652872075746
chr1	36859082	121096208	0.498885249485397	1080	0.111725085347372	1.01588265109918	92999	0.430243942314754	2	1	1	-6.8049607781114
chr1	122865740	124726050	-0.000862595890242068	10	0	0.0107537343630105	127	0.00684825800260849	0	0	0	-Inf
chr1	125080677	143221805	0.498108653494424	22	0.228051980100383	0.00948834264983531	198	0.134645408643629	0	0	0	-31.6435885972846
chr1	143221866	144104658	0.497862754695794	20	0.153170862626985	0.603207664970447	651	0.420126619592958	0	0	0	-7.05981206283383
chr1	144435669	149082016	0.403388160416987	132	0.107105497314277	1.01250597881405	7426	0.470651701105371	2	2	0	-6.7401715600143
chr1	149488140	150144987	0.497877218776403	11	0.202607906154631	1.02697556456039	1498	0.419135899531754	2	1	1	-6.733162505577
chr1	150150179	248650825	0.498890172793766	1944	0.114464728335786	1.04018009878855	148008	0.425712265704602	2	1	1	-6.75048095101614
chr2	224919	3180557	0.489769511037893	34	0.0479931386213041	1.00021895555943	1743	0.374790033893433	2	1	1	-6.7729587027566
chr2	3180568	3181191	0.0015984106569531	12	0	0.0112433393148577	19	0.00361041378782242	0	0	0	-Inf
chr2	3189269	33389120	0.481441655571787	452	0.101952507047486	1.04960057282132	34454	0.437253488757801	2	1	1	-6.77801210863852
chr2	33839934	36558320	0.497758917949272	10	0.204176285487702	1.04181362805327	404	0.746035462434914	2	1	1	-6.73333325558537
chr2	36581589	37372537	0.499439327384473	29	0.0442598406858514	1.14327418776548	2032	0.533239453104427	4	2	2	-6.73989020005963
chr2	37817201	39751255	0.49788834808969	9	0.195973850296411	1.15773518381732	2589	0.62379594444516	4	2	2	-6.74088508921432
chr2	39766027	87075937	0.498897856428825	483	0.120330877576287	1.08836712921259	42761	0.461322586161529	3	2	1	-6.94594552867032
chr2	87128901	87825596	0.0920272838866749	9	0.169882639228119	1.025542668303	319	0.731415781916249	13	13	0	-7.34724590761284
chr2	87825693	89764973	0.000645877981276841	44	0.138760771823452	0.914948594916111	2657	0.398949967687268	4	4	0	-9.7119151975679
chr2	89826449	89829230	0.49846742240659	9	0.232392328712555	0.007490299759408	20	0.00451197237766834	0	0	0	-25.9816703637111
chr2	89830023	91443469	0.258731348361543	106	0.181632377551533	0.570920146519145	1165	0.55943289724169	1	1	0	-8.02087612196455
chr2	91443607	91963663	0.121915983697771	16	0.18687811312903	0.763199237697548	553	0.491429672384689	7	7	0	-7.68338921816456
chr2	94203345	95945270	0.406625063485244	38	0.145610806990331	0.96994341643287	2513	0.493777891602243	2	2	0	-6.75010207199873
chr2	95945290	95953864	0.0278933329932494	17	0.024070057063888	0.619111719271363	49	0.355665945032389	20	20	0	-12.5303416770394
chr2	95953940	95991424	0.268354314914065	13	0.121331871645183	0.950466668544236	101	0.452032329519353	8	8	0	-6.76222679100432
chr2	96013999	97118094	0.492090300313967	50	0.13672000883677	1.06481162876494	5007	0.442919048399808	2	1	1	-6.73822195017624
chr2	97142577	97152451	0.0551428513413054	11	0.0627977996140282	0.939755745227727	50	0.395716380087289	20	20	0	-8.03293554202158
chr2	97152611	97547099	0.377418143825654	25	0.143230955685797	0.86471116034193	403	0.412601883580331	2	2	0	-6.80737625866131
chr2	97547464	242062014	0.494631157305399	1907	0.113296617613028	1.09405373484318	154645	0.457727590727156	3	2	1	-7.10854374158062
chr3	1278587	75666168	0.427578802503784	1041	0.114347850408315	0.999163095545766	93369	0.389082078855862	2	2	0	-7.05074168635879
chr3	75667728	75669986	0.350014843952444	30	0.152461806033021	0.127351259503066	192	0.0726235089795369	3	3	0	-7.77407520191318
chr3	75731921	75741566	0.222934127747406	30	0.0741218009718487	1.01391178383137	178	0.362488941729644	11	11	0	-6.75086157034043
chr3	76434564	89472543	0.376064085103418	37	0.116537869703694	0.969365361821388	2310	0.43653597517423	2	2	0	-6.9430923349291
chr3	91483720	93470778	0.497932007441694	9	0.200696979991672	0.30475293525614	50	0.847238136053656	0	0	0	-8.10183078124811
chr3	93874275	195770872	0.498907741901317	1206	0.115404827611379	1.1196047955672	94108	0.470092184423287	3	2	1	-6.8126444944162
chr3	195778917	195866806	0.314693645212719	138	0.109615037603633	0.570480038467782	2579	0.24190509503639	4	4	0	-7.2648190174874
chr3	195867934	197951038	0.498755168435152	76	0.130866467365409	1.07318884856352	4443	0.515329679072763	2	1	1	-6.74007180772348
chr4	305470	7855503	0.485553288968882	287	0.102460320718328	0.830861755665897	15436	0.33138049960392	0	0	0	-6.75966606814905
chr4	7863951	7864056	0.493460232645461	11	0.233549683248457	0.0130170833372455	13	0.00334165627596057	0	0	0	-17.2932746763949
chr4	7939130	48176047	0.496635491195103	344	0.101816262703652	0.942593137824079	21092	0.393922819119968	1	1	0	-6.85501202741434
chr4	48341676	49017213	0.0494502072995537	9	0.216768373564452	1.03418270111384	1177	0.619192295614755	10	10	0	-7.45157293220064
chr4	49091686	49711888	0.00526128202092607	333	0.142176361305597	0.00806336838578615	916	0.0317335162658834	20	20	0	-32.349883136766
chr4	51843641	123402583	0.498883751733374	717	0.104276976690289	1.00375978170467	50398	0.431658647903052	2	1	1	-6.91252417797407
chr4	124678947	131749630	0.498182524165049	21	0.182482184388087	1.02950240655594	2849	0.429360825743428	2	1	1	-6.73329692658789
chr4	138172074	188739132	0.489873817360282	358	0.101658081943651	1.02286918707283	28578	0.412849034786997	2	1	1	-6.75489246264789
chr4	189233926	190022703	0.400268436746192	18	0.146011683658212	0.656405613316582	220	0.583907171093257	1	1	0	-6.97687866439197
chr4	190112576	190179858	0.290722515495808	27	0.147817715186905	0.00489549362512583	47	0.00256461367329409	4	4	0	-39.9380165874631
chr5	140521	45889964	0.498869151683672	448	0.12544111076714	1.02332404778881	29711	0.450664269407613	2	1	1	-6.74406329178948
chr5	49599458	49602446	0.494938142750298	63	0.205853505295881	0.00345459151311896	129	0.00199420794053116	0	0	0	-32.0016560773689
chr5	49602523	49658348	0.0227443945541878	44	0.068106475990772	0.00437606278303966	82	0.00234189936220667	20	20	0	-42.4669050551136
chr5	49658400	49658830	0.411328346449952	10	0.196516581149446	0.00270972094996931	19	0.00119697474409935	0	0	0	-29.6280357994346
chr5	49659093	49667267	0.0656647831007704	60	0.140124020934806	0.00407407540116921	127	0.00227406103277867	18	18	0	-35.4691675038957
chr5	50633317	173232508	0.498918963878272	1443	0.104110282881563	0.964498699922156	101777	0.416445717281227	1	1	0	-7.13535893519905
chr5	173234755	175443208	0.498015857606319	14	0.217887207437323	0.985409234673447	562	0.332099884090593	2	1	1	-6.75925466456935
chr5	175926624	181283269	0.498884362189185	173	0.11105805411248	0.981682409200494	14880	0.464732843831834	2	1	1	-6.77090277713784
chr6	147404	397013	0.498308597791397	11	0.203976023546441	0.959380479701217	273	0.336871709951637	2	1	1	-6.74020114738841
chr6	397290	32405186	0.498912179523917	824	0.0977848362366065	1.09784678559661	47662	0.472990493802786	3	2	1	-6.88552688436313
chr6	32521862	32589700	0.280818541190641	45	0.131625413560412	1.01634636814702	242	0.717430089702097	7	7	0	-6.74500662030341
chr6	32589733	33086068	0.495505190699292	123	0.0786433804428892	1.16365167292772	2045	0.469444228592974	4	2	2	-6.73785095557218
chr6	33086091	33086637	0.183141654562018	41	0.0590689758032	1.24856525160051	60	0.472898950040231	16	16	0	-6.73411479888083
chr6	33092341	43054205	0.498890406392606	306	0.0981057345664715	1.16492651132702	25025	0.444707031773619	4	2	2	-6.79352306450668
chr6	43055358	43142550	0.49792712771105	10	0.202212347133733	1.2436261193481	609	0.514390755730358	4	2	2	-6.73317535305861
chr6	43186865	60544763	0.498869214175859	233	0.123474371943578	1.19604661546557	20106	0.49102772842263	4	2	2	-6.74794297734124
chr6	61697162	73425293	0.498907240966937	115	0.0770303792588137	1.14203029955469	5690	0.489205906150049	4	2	2	-6.85409409885123
chr6	73445623	104859560	0.498839050869639	151	0.145925433799528	1.17757661719482	17725	0.552278945993877	4	2	2	-6.80422361857586
chr6	105373307	107772376	0.00577373141496529	20	0.211393969938397	1.15156728448485	2026	0.52591702790908	6	6	0	-7.92204106442142
chr6	107912725	157299382	0.49888266711959	533	0.122369118488119	1.15157902713314	41312	0.484667247837875	3	2	1	-6.8622911818454
chr6	157310886	157314291	0.0351416778648201	14	0.21290765681316	0.0114351968444029	25	0.00323882694814033	9	9	0	-29.4644046615011
chr6	157314308	170582405	0.498837934885101	225	0.123142774279057	1.13325819720227	13957	0.469047637324591	3	2	1	-6.7977501847384
chr7	512409	32209604	0.498875063235697	537	0.109288506788993	1.08556353198812	31611	0.488043017579798	3	2	1	-6.91558990980102
chr7	32472299	32728788	0.497847112627304	12	0.219695846914581	1.06776028348197	359	0.525059788619292	2	1	1	-6.73371311570881
chr7	32869570	57148313	0.498844859438768	309	0.137711402424303	1.08237113033483	21522	0.434335386142075	3	2	1	-6.89936048583981
chr7	57148611	57495322	0.499417704740407	9	0.0721897576607036	0.900622170018975	228	0.550647912535655	0	0	0	-6.73567957777446
chr7	60957564	64142051	0.498529601745559	36	0.131457603763729	0.805567343598383	860	0.306971407641233	0	0	0	-6.78304885988222
chr7	64213230	100773794	0.498868284099291	469	0.124213051872135	1.08551208723002	43238	0.454149602831462	3	2	1	-6.93135571143419
chr7	100813511	100949676	0.0443521153354057	15	0.0840996008144085	1.16772098071652	1120	0.504614600745925	20	20	0	-7.86406912618181
chr7	100951774	100969850	0.382958390816449	282	0.0858463894668146	0.727384751677515	1681	0.218728858038571	3	3	0	-6.77970068771324
chr7	100972000	101001491	0.168034786993661	9	0.0643544870230507	0.627136020131544	970	0.207947045343732	16	16	0	-7.39333591722917
chr7	101020009	142482787	0.498875870011677	585	0.119703784848321	1.02077100507194	44291	0.456886644981403	2	1	1	-6.74886134057518
chr7	142483097	142492428	0.146241266497982	20	0.0722120233464585	0.908119337102782	88	0.490221555348302	20	20	0	-6.77272194392516
chr7	142499935	142750660	0.494354923923462	53	0.0938689757874486	0.98129579095837	931	0.380042742221515	2	1	1	-6.7379026217246
chr7	142751230	142774599	0.261977618146912	80	0.0920376608386927	0.870114165353139	512	0.280477116454617	8	8	0	-6.79842933981924
chr7	142802045	152230042	0.483444295788197	238	0.10770515494008	1.04401883618318	17104	0.418684132702515	2	1	1	-6.75107351375713
chr7	152235689	152407206	0.356703533630742	17	0.155854192794948	0.848144716662093	298	0.508968789710858	3	3	0	-6.77399333434553
chr7	152442769	159144274	0.498851611241836	62	0.122022231201762	1.02913300748947	4674	0.41453461975198	2	1	1	-6.73334750530872
chr8	266437	802151	0.293861857639928	10	0.122281096931074	0.949658818116297	289	0.389864351058246	4	4	0	-6.97471525341104
chr8	907868	42187436	0.459895714383024	600	0.123200355028433	1.04276443959841	38259	0.45023157649445	2	1	1	-6.80764469810315
chr8	42293692	43140604	0.0141514934370376	9	0.15	1.04339322742309	1752	0.542439044463321	12	12	0	-8.27848987297948
chr8	48729628	144880532	0.431927024605454	865	0.126319199395599	1.09034110863856	70897	0.464443235313792	3	2	1	-7.01832647923599
chr9	12667	41165039	0.407784898719104	503	0.120610423284928	1.00782167905116	33481	0.41395767983594	2	2	0	-6.81705353542589
chr9	41229822	41232760	0.0457178175699519	9	0.0556666666666667	0.0557439317364753	22	0.0545910613808157	20	20	0	-12.620493946887
chr9	41266256	43119872	0.337042400814056	47	0.123440075983964	0.830447211740228	894	0.480318619587225	2	2	0	-7.15614780813911
chr9	61581827	62799788	0.498158631949308	21	0.191457952613747	0.137910447155379	55	0.366177031204605	0	0	0	-12.5635799212349
chr9	62799809	62833455	0.0202816211271463	21	0.0242221858161952	0.0312042890961914	49	0.0384480832037283	20	20	0	-26.2604464202863
chr9	62844775	63784631	0.345629951881139	15	0.131214909141272	0.888282672595278	392	0.357852244171886	2	2	0	-6.97223505026039
chr9	63784702	63818014	0.0728472270287486	10	0.0955975359979999	0.0355517419680475	33	0.0527073466789915	20	20	0	-18.6467027774971
chr9	63818057	63819182	0.400292692839777	9	0.0604255740560237	0.220127160297408	18	0.0767682191868757	2	2	0	-7.01032935556042
chr9	63819867	63824994	0.00915242964821561	19	0.0763954393788971	0.0194333914828378	39	0.0186427092260607	20	20	0	-21.2679806319257
chr9	64071976	65389949	0.497985526987539	16	0.217029798261283	0.664418938055002	151	0.598846156394693	0	0	0	-6.86000096856575
chr9	65691040	69221614	0.379848700248456	31	0.157780615351333	1.04350012362238	1444	0.566851232477085	2	2	0	-6.75558764613493
chr9	69225480	138177100	0.498916119859507	1360	0.118336926885599	1.06349007813712	104888	0.441223009525281	2	1	1	-6.91226024881991
chr10	47663	38370856	0.464166691006805	512	0.125555583784496	1.16001828706973	32118	0.503690637882594	3	2	1	-6.81558731150721
chr10	38526845	38579052	-0.00319841251747544	9	0	0.011549237180427	24	0.00479356452648394	0	0	0	-Inf
chr10	38641108	38943107	0.498189707448713	15	0.177692430902388	0.509460747151742	116	0.393180007586623	0	0	0	-7.02131305035705
chr10	41315497	42101659	0.00999701973221018	145	0.167724111523081	0.00730126380677702	417	0.00547508548415869	17	17	0	-43.5094967672096
chr10	42149077	98257696	0.498900703251415	830	0.122961232271309	1.07095667304857	61459	0.452100821866965	2	1	1	-6.9445464892392
chr10	98259282	99232361	0.108515576798672	9	0.131910744234291	1.0855986676129	786	0.49842613500551	10	10	0	-7.78595921142774
chr10	99390499	133626829	0.494425675545064	583	0.136543780066938	1.0465751863415	42362	0.442239101092681	2	1	1	-6.75295157486487
chr10	133687782	133690013	0.497902037869706	14	0.205172990532273	0.00762612642753287	42	0.00345806132873755	0	0	0	-26.8926457609565
chr11	87018	502217	0.464795763834943	60	0.0757469695092187	1.08129435559078	3023	0.377714030662336	3	2	1	-6.73969947100616
chr11	555273	642819	0.498401034140999	11	0.189381001255046	1.12209566566754	1347	0.418106576130348	4	2	2	-6.73511178848055
chr11	642838	1010649	0.49908239051416	68	0.0518841549988754	1.08625164345221	2594	0.429510019159838	2	1	1	-6.73628513949522
chr11	1010694	1092563	0.312658475201162	63	0.0809953473216975	0.935303862083349	1547	0.369521628015826	5	5	0	-6.7833005964333
chr11	1094905	1099661	0.30015081521213	30	0.10652268119605	0.332166059455734	633	0.188928972759752	6	6	0	-6.89484710368418
chr11	1100037	50295210	0.498928197429271	989	0.102983003696153	1.03140447665928	66768	0.429118706902811	2	1	1	-6.73330977677816
chr11	54635380	56375958	0.498976038599918	39	0.0740925397961313	1.04638021833575	2417	0.318675845490725	2	1	1	-6.73495110838763
chr11	56376094	56376254	0.199861260659117	9	0.0713928879122034	0.998470457239442	14	0.0599518121512585	14	14	0	-6.74954748018621
chr11	56412769	64303468	0.498877477750328	332	0.106926916394864	1.04650889884419	25454	0.418592864080215	2	1	1	-6.73792916343489
chr11	64315797	64317676	0.185612866961528	9	0.0788063731207346	1.08190493287541	77	0.247420553471707	15	15	0	-6.74384589145619
chr11	64341067	66691205	0.498894124960935	142	0.0659440442445831	1.07055593440369	17170	0.382642959767424	2	1	1	-6.74572190849671
chr11	66711152	67584413	0.498276358278958	14	0.220987108668814	1.04151563659101	4547	0.397538761378004	2	1	1	-6.73331126399254
chr11	67611296	134374229	0.498906622999882	1067	0.122792337817089	1.05522063991536	80115	0.431160793787604	2	1	1	-6.83259653935267
chr12	12300	10627606	0.496631442068583	360	0.124839438941868	1.11255283471654	26215	0.472649981802168	3	2	1	-6.79170582717796
chr12	11021603	11077714	0.225608648179362	29	0.111065462434606	0.911716045331603	268	0.46281806933772	10	10	0	-6.81003051034619
chr12	11077744	33424055	0.478615633862912	297	0.109684994945973	1.09510509204955	19937	0.470657792053439	3	2	1	-6.79783846775483
chr12	34022573	34209553	0.419109775377318	9	0.0345703790999045	1.08939009330643	142	0.444776490903525	4	3	1	-6.75082436135853
chr12	37814008	40479770	0.49888368410199	55	0.120177133575167	1.17416671089357	2604	0.570889300126832	4	2	2	-6.73980534897086
chr12	40479853	40499694	0.493391567853914	48	0.0863737446152779	0.428002802642307	1557	0.189162045493409	0	0	0	-6.88753547709589
chr12	40501162	40514271	0.498423725417157	32	0.141505125719313	0.99731028851196	297	0.293187592384064	2	1	1	-6.73321481289465
chr12	40515120	52009326	0.498888423992443	261	0.130779612042643	1.11745308812584	22718	0.451464105091696	3	2	1	-6.79087390627653
chr12	52015089	53074635	0.498907991394945	206	0.069067941957207	1.00722042326547	6716	0.425595435130513	2	1	1	-6.73535243343046
chr12	53078145	53335745	0.49786960949676	9	0.230167028722863	1.16833972018617	2315	0.384083099395271	4	2	2	-6.73492966558574
chr12	53381837	133231689	0.498892584834068	1007	0.127650868929042	1.04216724530028	102396	0.428990513493799	2	1	1	-6.75513687902012
chr13	16147577	17316914	0.0015984106569531	12	0	0.00929759049305027	80	0.00387061307412925	0	0	0	-Inf
chr13	17922425	18178016	0.498748732253781	11	0.111564657160199	0.731097459130146	61	0.227765447131701	0	0	0	-6.79617492956197
chr13	18207455	18215239	0.498037342168357	16	0.168874398592563	0.0177359652792945	60	0.175752027417162	0	0	0	-8.41743364131847
chr13	18254456	31329704	0.496434032664438	188	0.107957931655787	0.938164782280135	12425	0.392330474936315	1	1	0	-6.8396345974713
chr13	31758419	33439710	0.128148585390474	100	0.0653593601528959	3.20411017741525	8961	1.36927560335421	20	20	0	-6.85912738922563
chr13	34181528	35183856	0.484612428843705	12	0.146686431175174	1.23793885874888	427	0.543643574983479	4	2	2	-6.74013640340837
chr13	35232412	45714010	0.498747942467859	127	0.14780751416063	1.34376629702681	10077	0.583059243875913	6	3	3	-6.76881708559926
chr13	46044936	114325924	0.422123747680201	453	0.111307840414187	0.958288404569788	31349	0.399761271263076	1	1	0	-6.86904662838135
chr14	16097240	16103247	0.0015984106569531	12	0	0.0219108453898815	22	0.0123148627339424	0	0	0	-Inf
chr14	18601382	19679303	0.326800740630779	63	0.116832662247087	0.729361502121205	1178	0.366312586278269	2	2	0	-7.55525645737349
chr14	19680240	105844765	0.393420151800659	1312	0.114916057393455	1.00127693281269	103592	0.418286014914392	2	2	0	-7.01352877704843
chr14	105845780	106802973	0.44541511397181	232	0.090700586725243	0.719487026536765	3822	0.219035099187385	0	0	0	-7.24458036586845
chr15	17025860	17081995	0.0568381436761792	7	0.188982236504614	0.0188229849686761	19	0.0102825577631272	9	9	0	-30.3230360508576
chr15	19964897	20291439	0.498704747259183	77	0.144313847815182	0.581448011674451	859	0.307453518816238	0	0	0	-7.01246728982369
chr15	20295317	20311190	0.498631968283856	17	0.13664552682031	0.0590172961640418	146	0.0578584483652704	0	0	0	-12.8675940291756
chr15	20340572	20345134	0.00738173675566378	28	0.0629310847560363	0.0118769479454992	81	0.00877702176772458	20	20	0	-26.5650826142019
chr15	20347359	22258939	0.338615236738057	39	0.107532011992889	0.641482497923651	958	0.324201522666936	0	0	0	-8.59002804292459
chr15	22360701	71660706	0.460675175285221	827	0.111181446780874	0.997404008599082	71688	0.418410141325739	2	1	1	-7.00378505429224
chr15	71875723	73885955	0.498011242169461	14	0.1909862920114	0.995484557260197	3658	0.391374206101223	2	1	1	-6.74362752977666
chr15	73886625	101976531	0.498871477759016	617	0.111473584221383	0.991187527669263	38637	0.417796944927941	2	1	1	-6.89064474577926
chr16	31639	32052353	0.498918560650507	1113	0.114094544116092	0.985407374224798	78898	0.38551516265996	2	1	1	-7.00341952649283
chr16	32116767	33827334	0.498099599959897	22	0.145673803900554	0.652859578791242	549	0.48871317381312	0	0	0	-7.01044859321851
chr16	33928105	34064743	-0.000464756297345326	9	0	0.659352500204632	177	0.551815022812576	0	0	0	-Inf
chr16	34064774	34267397	0.443334858537462	18	0.150005152416955	0.285436653875653	77	0.414959116071615	0	0	0	-7.55396004725103
chr16	34571961	34595616	0.498243340253467	70	0.202724589051775	0.00275395973932523	271	0.00211885461876198	0	0	0	-38.0861423963441
chr16	34595619	36100909	0.498417652585136	9	0.176809769086565	0.602047294142143	188	0.324715127957913	0	0	0	-7.59336069585088
chr16	46383753	46401545	0.480907454468192	70	0.189704337899283	0.00287087688579863	313	0.0023155739086497	0	0	0	-36.6613452596661
chr16	46663186	66851749	0.498894402876788	253	0.120209953155692	0.98246995401019	20451	0.408229675596437	2	1	1	-6.90789816819932
chr16	66852656	67885703	0.497686685477642	9	0.163330952363598	1.04589749465899	7548	0.364008321983137	2	1	1	-6.73391587942649
chr16	68364787	75304957	0.465819699108791	187	0.134307971639984	1.00032520174811	14792	0.438387684474463	2	1	1	-6.79340906759361
chr16	75411777	90075679	0.498917028279136	562	0.0929034621490851	0.96774044850302	21963	0.40137507304908	1	1	0	-6.93836642301418
chr17	137603	315696	0.497831853164854	14	0.175877220535511	0.776824930862822	246	0.435981724515487	0	0	0	-6.7372921204908
chr17	321307	21416700	0.407527969297884	1035	0.102377199576801	0.995375682524073	62096	0.381989349632748	2	2	0	-6.84808649627956
chr17	21656986	21844292	0.296080748771119	24	0.167318098287342	0.641325675150465	256	0.3118641561634	3	3	0	-7.21233019470488
chr17	21844297	21988736	0.00202711158677749	14	0	0.00493465729598605	32	0.011237851863952	0	0	0	-Inf
chr17	22044381	22435706	0.457919001895711	14	0.139452323571357	0.697638990499237	112	0.402852111426543	0	0	0	-6.84096044668
chr17	25074459	26879303	0.378729641204809	15	0.183702710144096	0.0117603073151713	93	0.139799300976542	1	1	0	-24.4435896766102
chr17	26879317	26940831	0.497840648771059	12	0.204197969152635	0.0211142646764924	46	0.025927882143819	0	0	0	-23.302027614133
chr17	26963283	26963418	0.498373024111949	9	0.157331656064506	0.2499041832001	12	0.0322437449888981	0	0	0	-6.84692642117266
chr17	27879388	28979643	0.498690121988762	28	0.119040181513701	1.5696745593886	7284	0.635736459224493	8	4	4	-6.73337814172222
chr17	29075036	29568787	0.0794016682814798	10	0.188441119598551	1.55555836631287	1643	0.675885920195226	17	17	0	-7.00753511273668
chr17	29574756	59964765	0.498904940718301	956	0.118809958975362	1.10827608259537	81502	0.455098527140272	3	2	1	-6.82185655886623
chr17	60011351	61987234	0.497860922674159	10	0.232434076675517	1.11472114269122	3306	0.482002970702809	3	2	1	-6.75047521933942
chr17	62137028	83094662	0.440467389772581	862	0.114356002864552	1.12561193462301	57852	0.436702381279475	3	2	1	-6.74826952119732
chr18	106877	112235	0.209345238213744	40	0.162145044280161	0.011611347509367	124	0.0327645389777475	6	6	0	-16.4491571710496
chr18	512184	14752958	0.498779986755756	280	0.100546806090764	0.966506152382287	12804	0.41076190507171	1	1	0	-6.90790511010433
chr18	14779863	15005737	0.162881794874649	19	0.158430810253015	0.731015003086904	339	0.464554876164839	9	9	0	-7.32301021346657
chr18	20954741	80138359	0.390728552520055	568	0.110731310192103	0.998645637375941	36678	0.417852050935316	2	2	0	-6.97030378948531
chr19	281360	2127273	0.498866848995669	300	0.0995341691328768	0.942625012299364	12308	0.366635341189901	2	1	1	-6.80081769536556
chr19	2247083	2271742	0.497979896704181	9	0.178409485298412	1.01707095231447	314	0.400329838266146	2	1	1	-6.73312784412053
chr19	2280989	2939270	0.461866692536762	34	0.0556075181826286	0.957791748797313	2099	0.515964274926004	1	1	0	-6.75832111509127
chr19	2987607	3148821	0.497750629537011	9	0.201900346705993	0.944427409009951	720	0.394042999933059	2	1	1	-6.73806308941088
chr19	3149992	7447179	0.498850365201316	362	0.111656627894459	0.951764073590022	18495	0.361736573597644	1	1	0	-6.84648014902293
chr19	7450513	7451091	-0.00016549173750191	9	0.166666666666667	0.156835005514752	15	0.208556216014041	20	20	0	-7.28512587788616
chr19	7459960	8888635	0.466204742335141	151	0.0997766662835447	0.958154473700357	8470	0.366034315742542	1	1	0	-6.75019268014192
chr19	8888777	8907433	0.236341843088457	50	0.125219800220839	0.846059529453555	535	0.457643049070595	10	10	0	-6.76243577862262
chr19	8908929	19866179	0.498883668988999	635	0.127024961554589	0.98046857367065	56036	0.374722627690938	2	1	1	-6.85616729488019
chr19	19932122	24127611	0.498714582821658	102	0.109052325189325	0.777436519560235	6058	0.367196180961719	0	0	0	-6.86622015746776
chr19	27640669	54756227	0.412133628609908	1825	0.12136928939726	1.29777047310698	127094	0.512269582377659	5	4	1	-6.75359853788629
chr19	54757034	54847352	0.306807544630171	170	0.109321633228837	1.07093212643011	2124	0.299366661316689	5	5	0	-6.77060760268975
chr19	54847353	58347712	0.408631053641681	331	0.101111437648765	1.27639005189742	21215	0.47779406174321	5	4	1	-6.75281305832898
chr20	65146	25775423	0.49889485679576	395	0.107218031675008	1.11922500937807	27281	0.454915599258544	3	2	1	-6.81848199125827
chr20	26081167	26081640	0.498474345402956	24	0.131990667215088	0.565527893661196	43	0.136173611583502	0	0	0	-6.73560219066747
chr20	28548912	29123048	0.498272012063129	61	0.173849226492132	0.332758245952944	209	0.515035166129477	0	0	0	-7.69412305064342
chr20	29123115	29494929	0.390661664992564	65	0.143986866722148	0.567878128509329	268	0.538369767535504	2	2	0	-7.00711296632114
chr20	29494944	29800313	0.171136424438817	42	0.138608852723866	0.279224247181772	110	0.411628067623001	7	7	0	-9.20311327955538
chr20	29875083	30283954	0.0305934573219943	32	0.178031187803276	0.108640585835501	83	0.424567079292869	8	8	0	-11.9869228804278
chr20	30283956	30629645	0.49477720857976	18	0.0963845782690601	0.919807674710371	192	0.417200903800271	0	0	0	-6.74294571876579
chr20	30720335	30813994	0.0663072909759752	21	0.120019839629796	0.163079289255207	55	0.331309012785439	18	18	0	-9.60691003743108
chr20	30814337	30855919	0.49827459606401	29	0.212702450649529	0.311360396629292	69	0.698358821741745	0	0	0	-6.78383783973519
chr20	31052012	31064664	0.00291360150002046	76	0.157643098457332	0.00766601417819953	180	0.00579040066947853	19	19	0	-30.8412848667396
chr20	31065130	31068254	0.498385276392705	19	0.185748651148558	0.0068747842616248	39	0.0054588387389506	0	0	0	-25.2966988192747
chr20	31068696	31241725	0.00542774652039796	70	0.112021419129046	0.00804155097979278	159	0.00460890648066719	20	20	0	-40.4171918918396
chr20	31274572	47665981	0.470218749942331	364	0.120384790432115	1.20789503007846	37416	0.489800803015051	4	2	2	-6.77263807352368
chr20	47684658	47895025	0.49759323852726	9	0.154	1.14524555128194	90	0.833054734028707	4	2	2	-6.73387476654741
chr20	48627985	64088694	0.498862523559104	333	0.137137331496054	1.17272114446867	25524	0.482633600790476	4	2	2	-6.79082951074985
chr20	64088696	64327334	0.313165301570666	9	0.214597167838824	1.08356218467276	772	0.426214516987992	4	4	0	-6.75914497445222
chr21	5128482	9011844	0.0327871439958305	76	0.147603629371058	0.331150020619577	585	0.490031425574503	0	0	0	-14.0774614331677
chr21	9026979	9073305	0.498453560638274	18	0.138219029080659	0.592641965472373	66	0.204012045441721	0	0	0	-6.81693811992995
chr21	9246190	10326389	0.066114038615614	67	0.177558460187794	0.032575635261939	236	0.149786005967995	9	9	0	-22.3737385423961
chr21	10329629	10465853	0.386725631647029	189	0.186249749408059	0.419157615426357	935	0.312747360866895	1	1	0	-7.30309596206814
chr21	10473589	10649858	0.498518882929054	36	0.124210995602529	0.788204875771747	546	0.272708866244572	0	0	0	-6.74040194191908
chr21	10668994	13051771	0.498016673962629	18	0.177992334783917	0.166139063011026	72	0.454466734012451	0	0	0	-12.6216180301078
chr21	13373642	46663614	0.498888152506148	652	0.108104090567758	0.908713591029899	31199	0.38558061247805	1	1	0	-6.99771762315056
chr22	10686149	11477537	0.495612986421498	255	0.171689287449865	0.369213138408173	1132	0.349188204542828	0	0	0	-8.64991664379318
chr22	11552494	12694062	0.285569688802928	69	0.171093983884291	0.179183158540697	238	0.341046683748269	0	0	0	-12.7918623572359
chr22	15277980	50754799	0.410671685959456	1127	0.120906632041137	0.962298167840064	79247	0.38082460916177	1	1	0	-6.87960644177229
chrX	284193	2727325	0.49388854016837	58	0.123196997944269	0.827741469904748	2577	0.333894653177837	0	0	0	-6.74126360589099
chrX	2955600	57985181	0.0165322513931275	76	0.0860264871491802	1.11989421806891	33032	0.637401295648336	3	3	0	-11.2439386221795
chrX	63785261	156027307	0.0357829827106496	131	0.127130717678966	1.1190720724822	47752	0.625100388068221	3	3	0	-9.40578648521125
chrY	5056809	11986732	0.492217318426504	375	0.173934213186866	0.310626414093183	2156	0.432268503562121	0	0	0	-13.1398830736221
chrY	20346588	56854908	0.0298646828491935	201	0.161716441534825	0.265636697348523	848	0.45653053613864	0	0	0	-21.3206249296938
chrY	56855303	56880227	0.498569092595954	41	0.175718399997157	0.20129169651481	141	0.196101512078601	0	0	0	-7.44428373255691
