chromosome	start.pos	end.pos	Bf	N.BAF	sd.BAF	depth.ratio	N.ratio	sd.ratio	CNt	A	B	LPP
chr1	13668	16056382	0.498923584883683	932	0.0838673811169822	1.00824876860288	55727	0.346891707524707	3	2	1	-6.87325585471108
chr1	16057079	16915492	0.44036692879723	161	0.109847141462933	1.0017813143834	4989	0.332462311124841	3	2	1	-6.74973900638284
chr1	16916556	121177466	0.498941778296946	2845	0.0820408253789754	0.988827236259914	201454	0.35555220058439	3	2	1	-6.9357395124301
chr1	125094607	143499074	0.151268219771735	11	0.159830421498423	0.963115685857142	144	0.338161177665946	3	3	0	-7.86706758326489
chr1	143542957	183940583	0.498931291077005	1404	0.0772654974349803	1.01227607398677	115895	0.389893766160521	3	2	1	-6.91496859476961
chr1	183940800	184694447	0.497767507252391	9	0.208294129644703	1.07470217694444	514	0.554957842005973	4	2	2	-6.73317673462848
chr1	184702775	248812149	0.498926349490679	1789	0.080947713415369	1.03533634595156	108845	0.38621438680298	3	2	1	-7.17345185653375
chr2	154428	91974079	0.498922687302893	1876	0.0843757021768671	1.02470368453485	127842	0.411449780768522	3	2	1	-7.05407671099525
chr2	94195995	97547721	0.488703326091756	154	0.113152700799971	1.03419395017202	11476	0.372957689845279	4	2	2	-6.76906630300765
chr2	97551592	241755254	0.498935761120859	3011	0.0819501579945401	1.01431584886213	216089	0.387783972748951	3	2	1	-6.98824310464806
chr3	197437	89479327	0.498915565194671	2060	0.0852985065795769	0.999778051678973	141956	0.355980195915012	3	2	1	-6.86344147952644
chr3	93470530	177412450	0.498904729061677	1518	0.0819457364462628	0.998224409551895	103681	0.366305330449806	3	2	1	-6.87516712604323
chr3	177412766	178407355	0.122258241725213	9	0.126786346969135	1.12403088106069	118	0.549625719975444	11	11	0	-7.40025159471611
chr3	178407366	198168034	0.49884982228235	745	0.0943471774904334	0.960205490583356	38626	0.41665758251589	2	1	1	-6.87169425438614
chr4	68116	48609912	0.498916143054537	1075	0.0803786112517947	0.924011258717797	56533	0.365989880484376	2	1	1	-6.74422505118393
chr4	49092775	49609124	0.498549444998645	33	0.138507103799878	1.12462402890282	201	0.581674580681454	4	2	2	-6.73442528640567
chr4	52072079	189984925	0.498926717585166	2117	0.0894002647336724	0.950715502017781	121818	0.368085160110069	2	1	1	-7.42301488877882
chr4	189984941	190179673	0.281511289311178	15	0.140506668203057	1.06565301095953	184	0.505647397352184	7	7	0	-6.75547375247563
chr5	163151	31552631	0.498889832750054	586	0.0846013513639493	1.00430645234019	23251	0.400291755815261	3	2	1	-6.86753579584007
chr5	31698321	46206868	0.319123264808198	307	0.0855701479385174	1.38939611594903	24193	0.574676053772124	8	7	1	-6.74292768808043
chr5	49601502	49661764	0.464541093062745	25	0.159730105699166	0.716422957776484	248	0.171886299847005	0	0	0	-6.76537302888987
chr5	49666191	57231461	0.372394113228395	154	0.0831069438236378	1.11708779720015	8160	0.398352734289959	4	4	0	-6.81461977940022
chr5	57250845	181283430	0.498904032778881	2375	0.0885772099286409	1.01430703287108	170344	0.383590444167989	3	2	1	-6.95443919475668
chr6	142840	29943469	0.498899205200079	598	0.0878677256545287	0.985732362398435	38716	0.393686798022264	3	2	1	-6.8796893066058
chr6	29943483	32581032	0.498416071642757	49	0.140602548094308	1.00214758074381	22928	0.312275813058711	3	2	1	-6.78056321796023
chr6	32581575	60504783	0.498911637530855	954	0.0807547012862831	0.99646541512039	61384	0.376917308795027	3	2	1	-6.87959771139666
chr6	61626986	170640200	0.498918474685501	1908	0.0830461912499825	0.987406331775707	112334	0.409053670944639	3	2	1	-6.93258248017233
chr7	31273	58091509	0.426749027916488	1471	0.0878481955327644	1.0651015565525	80212	0.447692012661675	4	3	1	-6.77937769160194
chr7	60957704	100952439	0.441168570444502	927	0.094072634453283	1.05638936052215	66134	0.433480259972154	4	3	1	-6.82914821442334
chr7	100952493	100960421	0.323440115616467	150	0.0760027963691364	0.704420107752766	923	0.153380356794881	5	5	0	-6.7838380944146
chr7	100960515	142463613	0.410072417619044	1121	0.0840146423812319	1.03431340788521	66836	0.421056457519048	3	3	0	-6.98506986507517
chr7	142463659	142774746	0.294019718367387	114	0.0828759737798856	1.03229487777677	2025	0.244532773098037	6	6	0	-6.84795011854264
chr7	142800839	152230042	0.446841572186219	333	0.0799640102527805	1.07013040225585	24279	0.416934019127286	4	3	1	-6.78708474951161
chr7	152235632	154365681	0.400740389594652	73	0.12206862667976	0.977738241872719	1246	0.460948685894641	3	3	0	-6.7603333855094
chr7	154444201	159144893	0.498958303636507	170	0.0907723475191566	1.06906483534649	6447	0.485624461355224	4	2	2	-6.73499241156825
chr8	266437	43192450	0.498906192079603	1009	0.0897399735490308	0.945733505530548	57235	0.376820890175059	2	1	1	-6.89606129540764
chr8	46974490	144890458	0.490169779223298	1495	0.0844749312577702	1.08369817392726	106638	0.433466358549384	4	2	2	-6.74148390354759
chr9	12704	43118695	0.498854422989888	888	0.0994646939472871	1.01180714356248	51012	0.408790596311545	3	2	1	-6.8504333596054
chr9	62037592	67900908	0.356184266441193	119	0.117396978507106	1.0891480932332	2260	0.462791490058552	4	4	0	-6.73694630812817
chr9	67901012	138219529	0.49892913996827	2076	0.0811958664613722	1.01720082567439	149381	0.362326929796566	3	2	1	-6.96876043978576
chr10	47588	38943070	0.498899209312404	1005	0.0894120022733094	0.985916628328089	45693	0.439625541169437	3	2	1	-6.8760254745119
chr10	42148911	48018226	0.49876656567677	312	0.101772451854458	1.06629530963629	12179	0.392450551798501	4	2	2	-6.73835851701817
chr10	48050378	133689399	0.490304516959089	2187	0.0817567506150084	1.04203692689859	141360	0.400110324575566	4	2	2	-7.17580398782189
chr11	179321	1010694	0.499234153719478	145	0.0682006013950855	1.06884766136879	9384	0.34151766172467	4	2	2	-6.73380111992428
chr11	1010750	1019194	0.330206323037239	41	0.0607446374226545	1.14067582203623	510	0.18207136187743	5	5	0	-6.74192179035669
chr11	1019375	1094450	0.499259339933328	66	0.0664344604037508	1.00873791960985	1409	0.236414434052243	4	2	2	-6.73712280351368
chr11	1094871	1099661	0.327568765965425	33	0.0735605038541249	0.527047925497996	458	0.152062149570943	5	5	0	-6.8127322129878
chr11	1099861	50513000	0.498937010480556	1624	0.0746420477002249	0.990644107536503	91994	0.376267675945349	3	2	1	-6.92082384665325
chr11	54603136	134618701	0.498941340359769	2450	0.0798564116364241	0.986067005432883	178928	0.363049816459101	3	2	1	-6.95239696991725
chr12	12423	30750867	0.481055569638227	1147	0.0930771782309394	1.09253454095661	63449	0.419022053468689	4	2	2	-6.76659129428929
chr12	30831756	34209606	0.340752941567301	197	0.0896100802761746	1.27940375119068	6303	0.63099169860665	7	6	1	-6.74199896962452
chr12	37785192	133224747	0.496808964693925	2428	0.0773615740613738	1.05100625395897	201240	0.409246829495008	4	2	2	-7.01937084622327
chr13	18173863	114299067	0.498910430961056	1626	0.0927560965441949	0.977654922741868	88414	0.394032102979055	3	2	1	-7.02757963105807
chr14	18601553	20033961	0.299478026665817	105	0.0930073503338162	0.925768936411671	2492	0.378138828167658	4	4	0	-7.0322530346572
chr14	20060048	106728243	0.498923680551264	2296	0.0865768979129969	0.993721607321932	154694	0.409141545598481	3	2	1	-6.87202361995895
chr15	19899607	22788240	0.474941142809354	252	0.130746671425271	0.988567917858272	4410	0.414715944623463	3	2	1	-6.74358772309586
chr15	22823699	87028978	0.498927481714613	2078	0.0841938334535873	0.969675058861021	141969	0.363324431091288	3	2	1	-7.13157029537748
chr15	87951849	101976613	0.437610854647662	510	0.0779578363343049	1.13434070440519	24540	0.424583490254431	5	3	2	-6.83723175053056
chr16	14260	31622827	0.498933204546142	1652	0.0823613557453092	1.01662396408522	112355	0.483463395929981	3	2	1	-6.89476569063939
chr16	31622900	36101193	0.367543874351056	76	0.119331314547268	0.997497474812717	3193	0.429883558436557	3	3	0	-6.73623777237392
chr16	46386441	47675521	0.47313248349141	43	0.128514431195375	0.941321790891914	3005	0.301938109992461	2	1	1	-6.76474171344129
chr16	48130866	90095932	0.46673301307839	1435	0.0784162700766186	0.99588907069548	94671	0.356216813913454	3	2	1	-6.74265992032624
chr17	116517	21298879	0.498914319211337	1454	0.0793671820892529	0.985127277517762	87789	0.348124693407284	3	2	1	-6.90658465761139
chr17	21298925	22131294	0.342082759778218	182	0.0864117615393272	0.974464997205344	1197	0.344266762661045	4	4	0	-6.78162867522934
chr17	22131489	22204047	0.224503975742875	34	0.132304815373905	0.991046342698538	84	0.31103720678496	9	9	0	-6.83317883056217
chr17	26620008	41189887	0.499051928212138	686	0.0799456795241368	1.0083631596168	53188	0.372566927546194	3	2	1	-6.88637465792829
chr17	41226690	41379607	0.343838106856614	9	0.153133928311136	1.04175472311566	1403	0.262926380469278	4	4	0	-6.73532435577937
chr17	41424307	83094678	0.498938435853977	2317	0.0743707415356601	1.02439503550667	148919	0.394250057173637	3	2	1	-6.99561494022008
chr18	47434	15197348	0.49887404224004	485	0.0980072871230262	1.00662256543807	21490	0.448278737254924	3	2	1	-6.83408260415182
chr18	21044013	80062552	0.49890947471746	791	0.0812385985904642	1.02271880952125	55394	0.427916669213858	3	2	1	-6.97246451582477
chr19	71178	24092114	0.498941624019429	2579	0.0774023732188809	1.0072121358009	152654	0.355707835461655	3	2	1	-6.89673470365747
chr19	27638364	53129364	0.498935208220304	2089	0.0804346653336275	1.01951515723064	137184	0.38135996083491	3	2	1	-6.91844610219056
chr19	53184892	58571238	0.492196699813183	871	0.0908767291965947	1.0008261346795	40122	0.35752282644962	3	2	1	-6.81340257126621
chr20	101574	26081578	0.49887550571776	674	0.0865903652243447	1.10318348306091	39741	0.418442581368215	4	2	2	-6.76464403525486
chr20	28560028	29094616	0.367704016202638	51	0.14415858098146	1.13953569174271	202	0.507608497252976	6	5	1	-6.7432498049997
chr20	29094651	29114830	0.499608431752315	12	0.056226813402989	1.59303652328152	43	0.538518970012313	10	5	5	-6.73306258716135
chr20	29123225	29411366	0.181443989193896	24	0.0993226242889916	1.46516110490023	89	1.0132363899255	15	15	0	-6.75223207145097
chr20	29411450	30570117	0.492907379610685	71	0.12385958493667	1.07783009051845	495	0.389576343601044	4	2	2	-6.7350846724762
chr20	30828009	30828132	0.0589845803025837	13	0.151056026284697	0.770159496973373	16	0.193596046361145	20	20	0	-6.97569672303784
chr20	30838401	64302540	0.498903273731558	1190	0.0855081239358819	1.10500088724888	88195	0.435779213260761	4	2	2	-6.77727748382249
chr21	5218114	13154789	0.498701918639641	455	0.134069512915725	0.958195271337486	3155	0.533129399535438	2	1	1	-6.76458593473025
chr21	13238671	46643823	0.498920750635206	1141	0.0844004417615969	0.973248535461285	47487	0.384054805330403	3	2	1	-6.96446552929635
chr22	10663618	12694025	0.391159072540378	363	0.131734079927159	1.02423676653615	1832	0.502513651085633	3	3	0	-6.74357716392741
chr22	15278066	16524601	0.498798014291365	62	0.106623666664426	1.11805072473587	954	0.580183525311964	4	2	2	-6.73541605986686
chr22	16573213	50744589	0.498936217544484	1859	0.0818637878465232	1.02382468429042	115695	0.392719101918376	3	2	1	-6.94728472305399
chrX	284193	53967764	0.498799171154221	168	0.117894592062011	0.973365992662789	47284	0.352942347768789	3	2	1	-6.98434399661301
chrX	71132780	156025186	0.49890728310344	49	0.0984315518935024	1.02128344403325	61997	0.366815371265437	3	2	1	-6.99480826402307
chrY	5634514	11986608	0.492985132284572	179	0.142336015371143	1.09276871833042	2834	0.534444085313429	4	2	2	-6.73566004516268
chrY	19413667	56880520	0.495722456288597	103	0.140909992293099	1.26924345206557	1900	0.52599642609945	6	3	3	-6.75728761057284
