chromosome	start.pos	end.pos	Bf	N.BAF	sd.BAF	depth.ratio	N.ratio	sd.ratio	CNt	A	B	LPP
chr1	14653	121177466	0.430482796992442	3838	0.0864165157665584	0.953725094264116	321749	0.258452786207958	3	2	1	-8.85722985662492
chr1	143214846	248936569	0.425604922390685	3122	0.0880870846200984	0.939484181677478	269129	0.244131827476532	3	2	1	-9.61849091563228
chr2	127308	90309484	0.386140587584724	1945	0.0819692556644508	0.976536102297998	154660	0.264861837695017	3	2	1	-7.18279017864557
chr2	90325301	91967024	0.229198644184284	53	0.129046050555628	0.946744640881173	1078	0.344071712558935	3	2	1	-7.34713053367255
chr2	94203345	241875962	0.393737495036675	3422	0.0891336490118652	0.969699406655824	278857	0.260581764185027	3	2	1	-7.83312923882903
chr3	197562	10017752	0.0902298712843653	238	0.0606551464082227	1.04882881773715	15040	0.328285200397738	3	3	0	-6.85504868191379
chr3	10046615	10049577	0.319370316816161	26	0.077377158227636	1.0416898669896	89	0.265817913573767	10	7	3	-6.76416574374989
chr3	10052329	75621605	0.0851868674173814	1665	0.0537317141076581	1.05420270118442	163082	0.275976695822102	3	3	0	-7.91679816996793
chr3	75664214	75664643	0.391383863186771	16	0.076573466901619	0.822845195486727	49	0.0820244747363999	8	5	3	-6.78000864134715
chr3	75664707	75668903	0.19180977440595	34	0.0992237968122186	0.813405716301336	140	0.19356596467981	1	1	0	-6.75978680580308
chr3	75668955	75696798	0.428301760302635	12	0.0900094271157026	0.539862413147686	147	0.129608039383719	2	1	1	-7.17845992754128
chr3	75700170	90234801	0.0982582122114293	137	0.0666077303177718	0.992496121987106	5685	0.353073734301282	3	3	0	-6.74425197499095
chr3	91483878	198157341	0.498933632855822	2558	0.0797395029741027	1.33671145471985	215977	0.389657448584088	4	2	2	-7.6079772929428
chr4	85531	49241870	0.498900948683009	870	0.0765847217295769	0.75418414156837	62469	0.203748295216233	2	1	1	-7.55079273587384
chr4	49242768	49555834	0.232975905992499	11	0.127619961391056	0.530774873127373	38	0.291211846016457	1	1	0	-6.82562493369457
chr4	52029884	190115233	0.498915159360561	2021	0.0876158355815149	0.719322556625619	128247	0.202885842308858	2	1	1	-6.96541513378161
chr5	163151	43628594	0.331868079041654	756	0.0987877805768311	1.00387641349162	52568	0.279749439520032	3	2	1	-6.79952622533235
chr5	49599531	49661793	0.47268029953185	24	0.152893516985619	0.597655639749156	221	0.21021151108157	2	1	1	-6.78450980054808
chr5	51384399	181283430	0.483780016493684	2390	0.0857111599638932	0.721688912131077	180335	0.192367852919012	2	1	1	-6.87585110177663
chr6	147404	33080603	0.324393622385904	1412	0.0954070775416914	1.00836596577056	82943	0.282146748281673	3	2	1	-6.85019358930962
chr6	33080680	33086314	0.483698613179682	60	0.0851892857510829	0.820659788145174	161	0.240354599743821	2	1	1	-6.75577407326336
chr6	33092219	57324369	0.33050391246666	782	0.0805639528017465	1.00729734913965	74894	0.252298372667294	3	2	1	-6.84500516553181
chr6	61587215	128005886	0.385009355472873	768	0.0995602125511989	1.0022440936398	72028	0.28802956290837	3	2	1	-6.7630479539117
chr6	128491940	154733833	0.363181260783338	779	0.0959418579597443	1.67788144346461	60809	0.6302453130544	6	4	2	-6.98943519919369
chr6	154770210	164390061	0.378737578102431	211	0.0876107929962086	1.02383699116084	16819	0.292541366316785	3	2	1	-6.78811728206649
chr6	164735835	170640200	0.49905806519115	148	0.0793323662417628	0.699610349182378	8069	0.203251797128194	2	1	1	-6.85913280244501
chr7	31273	51029519	0.121927992457764	1279	0.076409599165436	0.751281581193039	74625	0.211232273105501	2	2	0	-7.38343466139591
chr7	51187785	56735921	0.321831056612856	97	0.0861516958087399	0.977825061581183	5504	0.327123902829919	3	2	1	-6.8866361310105
chr7	56804461	56819768	0.101090514391052	10	0.110111105505101	0.69493129451324	50	0.308310672894093	3	3	0	-6.75092298967924
chr7	56823373	58088536	0.498645661268821	35	0.111254368245842	0.937368603842588	1009	0.476955564359721	2	1	1	-6.94073122734854
chr7	60993174	65693036	0.498692367955614	110	0.12423494953342	1.13577276868983	5046	0.386583482625271	4	2	2	-6.96806086942979
chr7	65695010	72105974	0.498761127442538	193	0.101279324204036	1.64424192963276	9738	0.861797720993205	6	3	3	-6.78500060021849
chr7	72126091	73226043	0.125388635461232	15	0.145613218918509	1.16997432555613	2239	0.520328776132586	3	3	0	-6.82598979142473
chr7	73294505	73731444	0.499334948143273	50	0.0546536553289561	1.43004608500563	4706	0.534156007544641	4	2	2	-6.74558082710232
chr7	73736364	100891037	0.127927345525829	594	0.0832498810514403	0.754256940085443	52590	0.21230891361318	2	2	0	-7.17966567760507
chr7	100951933	100969831	0.343589439416742	290	0.0874875484006956	0.705545717829558	1751	0.0993911973309392	3	2	1	-6.89375254438177
chr7	100970208	102480428	0.125935084298372	181	0.0755946680441791	0.672446892355342	8110	0.207499381386189	2	2	0	-6.859580657744
chr7	102489612	102678568	0.498336791544558	21	0.161630177521756	1.07991839768127	685	0.346304395330851	4	2	2	-6.7584860188615
chr7	102703520	142433884	0.124259207975016	792	0.0731277683948709	0.743269367795425	57662	0.199786044819349	2	2	0	-7.0041516680777
chr7	142463590	142774599	0.315737653069449	100	0.0954177756981996	0.759381686724339	2145	0.153492483495042	3	2	1	-7.42743187854196
chr7	142864164	152265091	0.131207285334451	282	0.0838659330420854	0.7410683395165	24769	0.193301374489446	2	2	0	-6.78936038689299
chr7	152273771	152407365	0.24577488621447	27	0.140523816557703	0.716431290998301	240	0.33119692396024	1	1	0	-6.94363475813862
chr7	152407393	159034825	0.133891723806731	174	0.0792566210856516	0.755071180855006	7083	0.264822444270028	2	2	0	-6.81946455147228
chr8	266437	11929643	0.499067157526984	364	0.07997775361985	1.25869526277259	16710	0.373471936381891	4	2	2	-6.73922994055067
chr8	11929694	12664321	0.338487064179865	88	0.10075490853314	1.13618197678828	1979	0.398600229022044	3	2	1	-6.8150915712078
chr8	12664324	43302033	0.499096398288955	775	0.0743089718393678	1.28810004575671	68007	0.381454476481328	4	2	2	-6.75138756227742
chr8	46974490	145066250	0.473057993730167	1454	0.0825653588456404	1.27926939042836	152893	0.393169507660118	4	2	2	-6.80638428662931
chr9	14396	28148702	0.117929857220865	369	0.0799255116536791	0.760805258923162	26402	0.21646836988798	2	2	0	-7.39366195853449
chr9	29548584	38717391	0.435219960935533	315	0.094638939793753	1.25401640906763	34051	0.422440086635631	4	2	2	-7.00846895445541
chr9	38766780	43119872	0.363185596133845	237	0.125453211152663	1.01254636559263	3827	0.473115554733611	3	2	1	-6.734861794637
chr9	61194086	67901030	0.498540458763442	109	0.151887484175404	0.891097830371655	2460	0.390165373197431	3	2	1	-7.50465286247443
chr9	68248861	117180666	0.113526958406348	953	0.0725062446779318	0.761752227152114	73960	0.20688016968918	2	2	0	-7.94712320436622
chr9	118490961	138219529	0.434530151222891	1327	0.081665481789016	1.58285152260569	137264	0.465442936548649	5	3	2	-6.81046934838705
chr10	48298	39455375	0.399486675866236	890	0.088214767645347	0.904883734695109	52827	0.260610658882542	3	2	1	-9.13859283738235
chr10	41713374	133626881	0.404928010556357	2467	0.0859218473512863	0.914828506250278	176655	0.245695593722577	3	2	1	-10.5495796950448
chr11	179401	50553108	0.364832205036757	1683	0.0819353380444693	0.983718455749963	130234	0.253384569268848	3	2	1	-6.85684861068796
chr11	54591798	134369500	0.388559861748084	2433	0.0839279147064574	0.999919128353726	227878	0.253664724160989	3	2	1	-6.78548219252577
chr12	12252	12660	0.164827832978452	10	0.103000323624087	1.51541396684299	22	0.35288689430632	13	11	2	-6.736592061192
chr12	12749	34209560	0.439779321607152	1176	0.0921988226950541	0.935280127166878	78381	0.252170532219663	3	2	1	-8.29472526941809
chr12	37814008	52472053	0.415822537075742	629	0.0835364194963909	0.91744887301536	48210	0.235912802866996	3	2	1	-7.94787761450907
chr12	52472964	52487553	0.16707665601123	12	0.110319233741598	0.976494884855781	44	0.331452929384344	7	6	1	-6.78116580013909
chr12	52487579	133259913	0.437005106285214	1840	0.0850878916538503	0.940714510853302	188007	0.25202360314668	3	2	1	-9.15059254539326
chr13	18173863	114299067	0.417053881320194	1560	0.093137275290219	0.680877338546872	88599	0.195990618508805	2	1	1	-10.6381510990315
chr14	18330642	19679893	0.273874018324726	65	0.146433674931165	0.782970587435525	1732	0.368496260655281	3	2	1	-7.28750218143643
chr14	19680256	105600369	0.114604728552367	2161	0.0716563040706943	0.753976007473185	158774	0.20202618732236	2	2	0	-8.05764143134415
chr14	105621899	105625360	0.43678018811388	10	0.0992059586024057	0.807146759831456	196	0.176777204738402	7	4	3	-6.79287768550831
chr14	105625666	106025191	0.131592763997356	107	0.0955521204553073	0.705283782925821	2747	0.170919518538837	2	2	0	-6.74359029740105
chr14	106062058	106349221	0.326991709829214	36	0.125330075312264	0.670714031347831	1201	0.168932808732415	3	2	1	-7.61903509476724
chr14	106349358	106349857	0.461637411846213	14	0.0765980302733578	0.708358908436769	80	0.0587467801433848	2	1	1	-6.87993489878721
chr14	106359933	106583756	0.498310477801914	31	0.123418215486931	0.696280122700796	907	0.188744694543336	2	1	1	-6.74027084851112
chr14	106592588	106802973	0.0857153005453788	85	0.0433092165167429	0.753961045179617	1250	0.259385774844175	3	3	0	-6.88763622100239
chr15	19964897	22774667	0.362061333903176	174	0.131097978581062	0.836789250161588	4256	0.316688612611326	3	2	1	-7.22411781036234
chr15	22775965	101976289	0.498903711500888	2416	0.0873383271147775	0.883897405591213	193979	0.23942461142687	3	2	1	-12.8581620503763
chr16	16488	16636202	0.183490141075211	1087	0.0924526428807659	0.498334150474471	52807	0.130214869688818	1	1	0	-9.68664017072627
chr16	16895252	20324003	0.0580448901343827	78	0.0566639100424485	1.49902733953197	9455	0.632126626048193	5	5	0	-6.73791734457967
chr16	20429731	31984008	0.119498006559138	356	0.08652088489324	0.77579143838705	47097	0.205579569485047	2	2	0	-7.35239410315382
chr16	32116767	36101193	0.143924729674001	46	0.154304442157591	0.733026497057955	2227	0.307739311982	2	2	0	-6.74362343034731
chr16	46386441	46400573	0.309093317176231	20	0.103414075698773	0.905646347830013	253	0.282711195760433	4	3	1	-6.77579465025275
chr16	46401449	70120301	0.113244644764436	508	0.0661147519932544	0.774771312979856	53816	0.196599260987742	2	2	0	-7.95195888440166
chr16	70122306	70166290	0.426280854864871	26	0.161233266275438	0.770754233617895	601	0.244488725551501	3	2	1	-6.85204118235385
chr16	70177296	74352386	0.111635191810277	139	0.0828354709884832	0.773018269468062	12350	0.214970689788162	2	2	0	-6.94406124097953
chr16	74360527	74418173	0.438453108539157	24	0.161677864545701	0.697852830704498	782	0.247766778111333	2	1	1	-6.81970091704295
chr16	74424459	90049151	0.117504697017414	807	0.0750426300468314	0.779956583032784	36923	0.205306770119052	2	2	0	-7.66808035713203
chr17	116270	21296091	0.361265049323904	1274	0.0866065637328769	1.12149157188604	122008	0.30404861520604	3	2	1	-8.14872822462504
chr17	21296187	21415555	0.424565273271203	139	0.0669271067550419	1.0305025402017	677	0.370475899440788	5	3	2	-6.83938756388645
chr17	21415606	22705559	0.294313090580752	130	0.121658819884032	1.01637255952526	1242	0.294914059619151	3	2	1	-6.92413717664785
chr17	26620008	27083990	0.340680866338334	16	0.124141166285268	0.801866040518708	215	0.30119367320107	3	2	1	-6.89944374094159
chr17	27238129	61590991	0.498928162354556	1184	0.0785591318825696	0.813220770614511	136891	0.208050156750199	2	1	1	-10.0107356347415
chr17	61744675	83094662	0.357727491339523	1291	0.0771450511318012	1.10549340093702	105340	0.293618696770816	3	2	1	-7.95005560182468
chr18	47492	2073779	0.492820113859582	55	0.125805252736766	0.851102200198994	2701	0.312068905116673	2	1	1	-7.02887441241828
chr18	2230917	15208946	0.381587273426784	292	0.0938634350058995	0.636758469386225	17852	0.22002171603595	2	1	1	-9.56037134034223
chr18	20984522	21704811	0.300463343639072	23	0.0782381082403433	1.33996062156581	2349	0.44516197760676	4	3	1	-6.76005908880833
chr18	21738546	23132689	0.0888483074768773	44	0.0701390456834629	2.71671104715567	3889	2.3126696361057	14	13	1	-6.75686042905833
chr18	23136664	24404796	0.170489362301477	89	0.0746050547762106	2.01560942469324	8517	0.783287403170286	7	6	1	-6.7359574492292
chr18	24428949	48252251	0.212121342999251	246	0.0994896658557007	0.445298412777776	16146	0.143146252386677	1	1	0	-7.0220390454288
chr18	48458096	49257278	0.00423523236664697	86	0.0446714484172337	39.6976462461888	19465	41.5246760260214	20	20	0	-6.77632417022684
chr18	49272047	49562285	0.143774595025763	9	0.1156486537367	2.35084320209334	1035	1.02990317998334	9	8	1	-6.73671619273873
chr18	49562456	54280890	0.422775890373618	81	0.0855124115603355	0.837631895891755	5634	0.215154119968213	2	1	1	-8.21091502802853
chr18	54598077	66894759	0.197235677870661	175	0.104130790564146	0.449903673458008	9335	0.148647457080263	1	1	0	-6.76817441194602
chr18	67375307	74389891	0.336960007741365	51	0.0992409782534709	1.07745783916369	4159	0.45775504299788	3	2	1	-6.8859416828446
chr18	74436547	80147363	0.199176308129126	78	0.0927451113410064	0.427232263981231	4782	0.117302755191153	1	1	0	-7.56229748381946
chr19	261438	24163225	0.34493711342951	2692	0.0830332784009555	1.01872883009165	197999	0.269515998575702	3	2	1	-6.83079286547854
chr19	27638405	54724332	0.349361896841973	2512	0.0848806686048179	1.00998746032212	189376	0.270808224701454	3	2	1	-6.77192113760687
chr19	54724564	54851913	0.273760953333883	229	0.107606431521557	0.91048599668077	3293	0.31716382956417	4	3	1	-6.82443195366602
chr19	54852249	58571001	0.353404477158825	528	0.0897120321752261	1.01019898437842	34598	0.256326923330421	3	2	1	-6.74434490263583
chr20	157484	21708578	0.13980284436936	437	0.0782333150114945	0.665444484000833	31352	0.174955970175224	2	2	0	-8.99534042134116
chr20	22885836	24504237	0.499233363398572	33	0.0714207417245498	0.915574348371901	2299	0.229852758616556	2	1	1	-7.57712263307556
chr20	24625974	26081578	0.189375660237726	39	0.10069596547473	0.673153160551212	3178	0.1833753441166	2	2	0	-7.12002837892531
chr20	28560014	30494212	0.197773655657874	206	0.141221563853001	1.20011272169926	1111	0.557923453680884	4	3	1	-6.96993502729551
chr20	30494219	30723884	0.359774989686524	12	0.0782465024874285	1.23236415658111	394	0.460708514390654	3	2	1	-6.76270847585642
chr20	30828048	30919499	0.0902323189607627	21	0.124796596412685	1.01141882860036	120	0.514748498527868	3	3	0	-6.73307424189985
chr20	31820632	55559027	0.479108003045506	924	0.0799844702415746	1.28229044084461	86716	0.36325161508337	4	2	2	-6.77979164121593
chr20	55709859	64327768	0.421974699344535	366	0.0990010908486404	0.980890790917193	29788	0.237954445932879	3	2	1	-6.96813051318788
chr21	5218123	13052061	0.498687401978257	386	0.136547557583922	0.689817284882775	2977	0.257038046647912	2	1	1	-6.92540483614154
chr21	13373642	13526245	0.164078669267999	13	0.0628379070633528	0.487680352733576	155	0.182225647465035	1	1	0	-6.93659411461235
chr21	13526823	13826856	0.498823627004783	12	0.0976678043164686	0.681791012208902	219	0.245947489706678	2	1	1	-6.74548791970204
chr21	13826925	46660984	0.498915068325341	740	0.0868439387096027	0.780226183941416	50573	0.217088079357901	2	1	1	-8.30558401774868
chr22	10685603	10777224	0.23476135666453	76	0.134940919495852	0.452304433373907	222	0.152772339290718	1	1	0	-6.77264046199372
chr22	10777386	12693690	0.410228381939295	230	0.149350674583281	0.619304306490393	1096	0.32177210086464	2	1	1	-7.2161163923796
chr22	15528564	16434042	0.498601394700502	35	0.150973730254276	0.739355745701331	796	0.318128842985402	2	1	1	-6.73454500480953
chr22	16439529	50808263	0.499056768512516	1849	0.0768530234621421	0.75001678107219	120705	0.19546646961308	2	1	1	-7.20673611666672
chrX	284193	54572547	0.408196627058838	174	0.108212186085767	1.07379276817344	62479	0.307073853227427	3	2	1	-8.21349952276558
chrX	80214564	156026281	0.498668629322569	55	0.124480663921091	1.08976747257074	67143	0.293663634204641	3	2	1	-9.86634025082081
chrY	3066285	11986608	0.414936643128279	136	0.138391948956389	0.704473533657639	3207	0.276143313649726	2	1	1	-7.0217632863634
chrY	26436903	56880227	0.498569638331655	90	0.14089836784868	0.734637408880886	441	0.352564317186298	2	1	1	-6.74808276205092
