chromosome	start.pos	end.pos	Bf	N.BAF	sd.BAF	depth.ratio	N.ratio	sd.ratio	CNt	A	B	LPP
chr1	17697	120341575	0.498793037154377	3181	0.165345792808276	1.13785106489682	136228	3.07497669551071	4	2	2	-6.83884066126298
chr1	120441404	121177466	0.498134308432283	27	0.191567421351014	0.858618728869936	831	2.84209987273377	2	1	1	-6.73326491625586
chr1	143214846	248936569	0.49879024549678	2671	0.157041300094503	1.13798781172251	119284	2.96905394308854	4	2	2	-6.83265861344828
chr2	672976	91963663	0.498810084626551	1679	0.158192436588315	1.30815326257327	71675	3.67404157471155	4	2	2	-6.73480627515784
chr2	94203345	215325122	0.498819948233799	2132	0.157584064781882	1.21820647054729	96531	3.30796844448792	4	2	2	-6.74995972589094
chr2	215325931	241875962	0.498713722104888	717	0.173676676207017	0.856581884239574	29684	1.83196232798086	2	1	1	-6.74724647347439
chr3	197562	75556979	0.1754571527663	1518	0.152866140852487	0.883359023757066	67793	2.04159792230604	2	2	0	-6.84180240823056
chr3	75556985	78746928	0.346708356258649	119	0.135698748726453	1.01916302272597	1274	2.23837133720884	4	3	1	-6.78265408057336
chr3	78939381	82503263	0.498596050126156	22	0.119285063637181	6.34175305266347	695	12.4454585145622	20	10	10	-6.73383621951634
chr3	82585120	90234801	0.205253218941191	39	0.149097722665987	1.30405663115526	1278	3.07117898977405	6	5	1	-6.79361779518962
chr3	91483878	195778376	0.159522285630006	1970	0.123957330037861	2.18442457091542	91206	7.51665831294385	9	8	1	-6.7495060158082
chr3	195778793	195791038	0.166796194215396	60	0.114134417483235	0.346643896387776	460	0.331364854902428	3	3	0	-6.81431324276976
chr3	195791459	198157341	0.137395423990871	136	0.139325345331895	2.29048456163843	4801	7.18533371628551	11	10	1	-6.73472316433106
chr4	85635	11399463	0.205187042539324	359	0.168275248154996	0.651690868296002	12678	1.30304558263109	2	2	0	-6.91881446047913
chr4	11572089	49037941	0.219410653285234	312	0.161932382251973	0.935616204693797	16323	2.07561257961522	2	2	0	-6.8398800467226
chr4	49149401	49657617	0.462473496725423	28	0.161358583882583	5.52601470275531	142	2.59897683263352	20	11	9	-6.73531200984871
chr4	52029884	190115233	0.211770662730604	1702	0.159543027263139	0.873056959468746	69351	1.89835356167879	2	2	0	-6.85571130282841
chr5	163151	43628594	0.303500811836583	633	0.157607851159564	1.31037451063212	24349	3.46669306622108	4	3	1	-6.73817162765926
chr5	49601562	181283430	0.498771512064903	2028	0.175294788794166	0.861428191083853	90376	1.87172280592174	2	1	1	-6.81414921991059
chr6	147404	57324369	0.333150678878543	1930	0.153538575414006	1.277298463607	67058	3.49241176169306	4	3	1	-6.74014308619725
chr6	61587215	129611749	0.317325802638203	714	0.146215968995927	1.51934315753642	38177	4.44694873195252	4	3	1	-6.79238011128349
chr6	129613005	138043648	0.498721982426721	193	0.13004057486735	3.40390572228744	9208	13.2322329796781	14	7	7	-6.73321035267967
chr6	138096278	158444002	0.49383864377137	442	0.139736820956896	2.02408572486619	17516	6.72510551484033	8	4	4	-6.73654514329171
chr6	158449246	170640200	0.433021016078864	224	0.171633060425822	0.988568955699886	8988	2.39422610844052	3	2	1	-6.77885018333628
chr7	31273	58088536	0.493716211605817	1187	0.167108326363677	1.12388944484967	40948	3.30286824792351	4	2	2	-6.78825995958863
chr7	60993174	100888414	0.462682926112287	711	0.164137433554799	1.02150516459542	33068	2.26174789659417	3	2	1	-6.85869025080513
chr7	100888467	100991195	0.488853839972694	283	0.144801157920743	0.495745639438348	849	0.440348703578381	0	0	0	-6.78103374816895
chr7	100991502	101041312	0.498501317415108	52	0.166060878322381	0.175770104189264	651	0.268755894033618	0	0	0	-6.90890315467462
chr7	101047792	152273892	0.498740589219875	1132	0.165749911569805	0.969370827597339	44979	2.34776990699189	2	1	1	-6.90553163388916
chr7	152379984	152442769	0.409134811679541	39	0.138980634385309	6.49732000582161	120	4.04682874837786	20	12	8	-6.73335344023337
chr7	152446659	159034825	0.498520495031684	139	0.166891416078578	1.00711703806389	3618	2.14352783048588	2	1	1	-6.77317962820093
chr8	266437	43302033	0.00493421243714659	899	0.170622558540263	0.947695012997264	30217	2.42101270024907	3	3	0	-7.24981796002264
chr8	46974490	141221846	0.498766529137012	971	0.152359789150534	1.75456876584107	52036	5.1679493121162	6	3	3	-6.73307480869449
chr8	141221903	144946362	0.257390842592331	185	0.161937869445405	0.893195407828087	8923	2.0181404479856	2	2	0	-6.78909438087281
chr9	14396	27560419	0.131097466299702	305	0.14736526018504	1.10281530924592	13881	2.72637946459127	3	3	0	-6.76683680752618
chr9	27561802	38016250	0.423118891383843	276	0.149682882839087	1.75985745955556	13155	6.6444534367273	5	3	2	-6.736186788944
chr9	38174287	43119872	0.498632384569483	222	0.153508997425464	3.2002626566035	2666	8.45679164990772	12	6	6	-6.73308311406622
chr9	61194086	68259507	0.495692520375654	99	0.163543562407031	2.24917096366951	1384	5.34621240553849	8	4	4	-6.73346777535198
chr9	68357096	117180666	0.209496722667155	774	0.162173307135027	0.851693188541066	35632	1.9895813797411	2	2	0	-6.75075557915733
chr9	118490961	133514768	0.305307473842856	629	0.148451760369165	2.0810482300654	29677	7.74278837135773	7	5	2	-6.74134142944156
chr9	133520315	138219529	0.309082096412251	401	0.164464288963105	1.374669148431	12811	3.73748545192315	4	3	1	-6.73523355146692
chr10	48298	39455375	0.49877561110744	789	0.14592801534535	1.75389733269676	29331	5.30350437371356	6	3	3	-6.73307331104006
chr10	41713374	133626807	0.498808090833022	2059	0.162987546497386	1.25110730388749	82672	3.51770134733601	4	2	2	-6.73559820909283
chr11	179401	1098163	0.371627996550511	189	0.161289962798421	0.754969733721244	4551	1.41209731014069	3	2	1	-6.76817616730703
chr11	1099522	1456585	0.0273072337863274	98	0.188598672553309	0.352115287258195	1738	0.56502008033682	2	2	0	-7.68309527252747
chr11	1470111	50513000	0.498705439641437	1099	0.166161134129488	0.950940572356396	43293	2.32008046005646	2	1	1	-6.8685635322387
chr11	54591798	134773602	0.498818794084772	2072	0.156395268560957	1.17488223944867	93913	3.14132584198677	4	2	2	-6.7695077026729
chr12	12252	34209553	0.49878836798664	1011	0.160007118130829	1.30914722634902	38248	3.49891774981835	4	2	2	-6.73383772705774
chr12	37814008	40465234	0.436038728192065	77	0.146003906819516	1.20749155694351	2366	2.32575321270894	5	3	2	-6.75344498498701
chr12	40479476	40490992	0.498697771915427	38	0.113055044562353	0.184534477637016	426	0.152888367579671	0	0	0	-6.84213899071707
chr12	40498389	52286224	0.00217492626938687	370	0.150460801058263	1.19054875802368	17157	2.99905556857423	6	6	0	-7.07841405493535
chr12	52287498	52809545	0.498623866064078	168	0.156670921207602	0.623148914886108	2255	0.862556329357541	2	1	1	-6.76215152688665
chr12	52811973	57956776	0.498640866935044	243	0.159641534323012	1.04902495924262	17015	2.45326949927825	4	2	2	-6.75352517856154
chr12	57967187	133221063	0.498754178128827	1332	0.155616019935768	1.69350857113847	73112	5.41691900614738	6	3	3	-6.73482263439619
chr13	18173863	91067356	0.498729136370831	927	0.162836560366581	1.22563362076218	37069	2.90060895253115	4	2	2	-6.7433114303904
chr13	91693133	114299067	0.438160429446988	454	0.159865727886041	0.949258919268931	13678	2.24858682361711	3	2	1	-6.81768842283699
chr14	18330642	104775891	0.16079393547819	1845	0.144860654451834	1.04016203297681	77215	2.59322243985457	3	3	0	-6.73339704943411
chr14	104776629	106802973	0.0955408140434277	330	0.1688079079905	0.480151576110026	4513	1.09924355091851	2	2	0	-7.26131935462779
chr15	19964897	20445995	0.495433137652499	70	0.156101599340847	2.74823288543962	905	4.91911408217618	10	5	5	-6.73354824440006
chr15	20518862	101973581	0.498772245257456	2058	0.169980691554179	1.07405338529136	90191	2.73645120622796	4	2	2	-6.92968154996291
chr16	16888	18543872	0.207305876926556	930	0.176214545908669	0.635094543398247	26183	1.29652602169172	1	1	0	-6.94347739027777
chr16	18790859	20323357	0.0768251383862135	54	0.103878530633067	3.83709140212127	3852	15.1121731378258	20	19	1	-6.73403581673319
chr16	20324003	33698058	0.111111997058691	323	0.137654245228224	1.09109775333568	21914	2.60377735241797	4	4	0	-6.77845308200617
chr16	33734895	36101193	0.376596701566018	30	0.160022358351618	1.97263774719934	748	3.2886648304995	6	4	2	-6.73764193782492
chr16	46386441	46555117	0.47501803131363	24	0.119035130607903	6.8066508158105	332	2.33515675251412	19	10	9	-6.7352808371997
chr16	46663186	90043303	0.115578010428207	1296	0.143954414764111	1.13637793513792	48794	3.17045911230607	4	4	0	-6.77880075564033
chr17	116354	22088872	0.498741958756149	1160	0.163662205745492	1.08576917178693	43807	2.86807169755178	4	2	2	-6.7766985074695
chr17	22131294	22205050	0.337467240480071	36	0.125103829893286	5.41830154335713	99	5.13050123794811	18	12	6	-6.73570348794182
chr17	25920179	83094662	0.498772703010818	2077	0.168679399298079	0.989975656908818	98879	2.34974273342557	2	1	1	-6.97059036676021
chr18	47492	15208946	0.49564323533021	283	0.184596954569728	0.780836334304563	10943	1.64196617643144	2	1	1	-6.73819523030261
chr18	20984522	21704490	0.341032593901416	18	0.157613036519971	1.54702634753168	996	4.44341172607394	7	5	2	-6.74272885910056
chr18	21738546	23133463	0.0921564823131154	39	0.0769315467671696	13.0425135534718	2179	31.4128365527352	17	16	1	-6.7342287654561
chr18	23136664	26593372	0.147416577066326	85	0.132147732668025	3.80973776996248	4922	20.4193900976872	17	15	2	-6.73311588540211
chr18	26599526	48252251	0.348190766693094	201	0.183376137517795	0.531148651259969	8644	0.931640106835439	1	1	0	-6.87755866299399
chr18	48458096	49255439	0.00700467500013802	65	0.0356220477859084	175.477522272344	8504	367.931242074016	20	20	0	-7.05383166285614
chr18	49257278	49510154	0.129308124278401	10	0.0714224521188307	15.15218079088	648	82.7522329837411	12	11	1	-6.73322720068216
chr18	49562285	80147363	0.28764469608406	328	0.17002657356508	0.967369528820902	13625	4.06371893499984	4	3	1	-6.83673491876447
chr19	261438	24163225	0.275221739390532	2197	0.160078473277859	1.08421096296102	70387	2.60027709511271	4	3	1	-6.83118164508473
chr19	27638405	39879041	0.281232472909289	553	0.153344135824185	1.1073786264462	20742	3.06757799253495	4	3	1	-6.78108822508208
chr19	39879353	39885791	0.0395594059812493	26	0.129914912983016	0.315117727941438	59	0.284109790189208	8	8	0	-6.95875487371783
chr19	39885808	43205789	0.294721358932319	274	0.157519385967875	1.00628868677172	10311	2.39347231893777	4	3	1	-6.76466275867137
chr19	43210588	54573515	0.315660897174218	1161	0.162142555313181	1.13545852423635	36991	2.52859416441047	4	3	1	-6.74857797598173
chr19	54574639	54885201	0.317590782069822	283	0.168572559500219	0.485037089932138	1770	0.92717427779837	1	1	0	-6.74943114421191
chr19	54885488	58571001	0.269202336154106	428	0.15358440944117	0.937576567741639	12104	2.25128055974989	2	2	0	-6.83005254327806
chr20	157484	26081578	0.167481037658317	431	0.153121148566225	1.01349761017869	19078	2.70241649952648	3	3	0	-6.73573220321575
chr20	28560014	30867132	0.498584567403742	202	0.152165314192196	3.61918525524011	1006	4.32578679195587	14	7	7	-6.73308272949234
chr20	31820632	49253969	0.498706620650601	565	0.156798185107311	1.3620837792781	26742	3.98739801943099	4	2	2	-6.73552762146996
chr20	49254660	57354825	0.460108802908715	167	0.13914013719765	1.77531962722361	5414	5.98630164314573	7	4	3	-6.74626092394097
chr20	57489043	64327768	0.498573785371489	241	0.177033283318391	1.07522873426041	9742	2.21820444452101	4	2	2	-6.75860270039321
chr21	5218123	9007970	0.498341312671104	19	0.144435521541762	2.59248227582968	260	4.61269426749118	10	5	5	-6.73326166662761
chr21	9009147	9073452	0.494706858433308	31	0.20479059853253	1.02462811308445	94	1.87179080915014	4	2	2	-6.73398086630144
chr21	9246713	10461677	0.4383773416457	217	0.155913196141901	3.99907881424168	967	4.68319023058081	16	9	7	-6.73351034493154
chr21	10462587	13052061	0.495479010984678	74	0.161446685922657	1.16115206790789	609	3.1050711554464	4	2	2	-6.73506254993946
chr21	13373642	46660984	0.462535011490814	655	0.168891366299949	1.00364146464632	24217	9.30761699884833	2	1	1	-6.77286815630016
chr22	10685603	11061030	0.328564823261665	195	0.155669068014338	3.35611985215277	639	2.85757294853692	13	9	4	-6.73309700799774
chr22	11065949	11580591	0.470637938094135	40	0.173365746476292	1.26489838493978	157	3.87386337559818	9	5	4	-6.7489082332171
chr22	11580647	12638651	0.204446106982475	24	0.125727073860204	4.56697295198197	188	4.33513486030105	17	14	3	-6.73337062593679
chr22	15528564	50808263	0.498760665053028	1640	0.171656717859053	1.07580139640985	54997	2.93411251444955	4	2	2	-6.80728482875443
chrX	284193	54572547	0.257949447139876	117	0.163529148757549	1.27947863624526	29949	1.82669154084584	4	3	1	-6.80888404320458
chrX	87466355	156025116	0.49849168039475	43	0.171704857646879	1.18677734001486	31119	1.80186058437422	4	2	2	-6.80660349306762
chrY	3066285	11986608	0.276392286898085	70	0.168779386061866	0.855236541139416	1386	1.66913122862017	2	2	0	-6.82988831466048
chrY	26436903	26634736	0.498208242831709	10	0.195319368101465	1.08926301940455	141	0.842463040476793	4	2	2	-6.7374872077854
chrY	56763482	56880227	0.421847895067724	79	0.13067667744442	4.63499774702001	216	2.16998510225122	17	10	7	-6.73344468221049
