chromosome	start.pos	end.pos	Bf	N.BAF	sd.BAF	depth.ratio	N.ratio	sd.ratio	CNt	A	B	LPP
chr1	14464	16033332	0.498910253933146	960	0.0757428298671634	1.02071363515581	38762	0.583322618539872	2	1	1	-6.73315543661826
chr1	16033821	16948577	0.498726158065223	233	0.113378439263655	1.06459335414314	3855	0.635519670040062	2	1	1	-6.73553859777934
chr1	16960919	120840358	0.498940800409143	2920	0.0772096909589837	1.08863888114867	154142	0.62087906123678	3	2	1	-7.07331104970981
chr1	125094607	143552308	0.481827895726979	11	0.140087375331515	1.65360002362301	324	0.66478571829277	8	4	4	-6.74713595988311
chr1	143554815	152213024	0.498858128775584	298	0.0925388324893713	1.09111877296227	20216	0.584900268249011	2	1	1	-6.80039101297056
chr1	152213665	152355935	0.291855549236343	74	0.0947789698639468	0.529796837521367	1402	0.237747747345786	4	4	0	-7.75361790185701
chr1	152356959	248936765	0.498938045743789	3049	0.0776589389152079	1.08696922568406	146327	0.603435750531421	3	2	1	-7.08344875633635
chr2	127190	86942294	0.498919478130116	1599	0.0830326295884906	1.08540343874104	92964	0.639898110568479	3	2	1	-7.04019436349263
chr2	87128901	91974079	0.498714081500649	172	0.116215439696163	1.0598694979232	5008	0.609888479979201	2	1	1	-6.7442940940612
chr2	94194584	95950970	0.458498227861446	104	0.0889334987261179	1.10689356025596	3050	0.524653562188429	3	2	1	-6.73496753513029
chr2	95953940	131626766	0.498903495171181	874	0.0859798096628054	1.08984164722109	41079	0.647494174121499	3	2	1	-6.93286902153626
chr2	131646263	132302085	0.236493057194721	9	0.148988627455625	1.35870839046986	428	0.798927437931027	8	8	0	-6.7586977323382
chr2	132318236	242122263	0.498933948978251	2302	0.0737920001931592	1.06849793261639	130688	0.591090412343734	2	1	1	-7.10751329148324
chr3	850109	78746928	0.463630403711084	1730	0.0801089818819279	1.07020632082393	102217	0.589032673964253	3	2	1	-7.03290834396111
chr3	78915999	89127495	0.498880424121648	55	0.104843278903863	1.26546087048736	2157	0.833921036503051	4	2	2	-6.74258732299923
chr3	93470428	125697143	0.451124367327401	497	0.0798605479172892	1.08991036448492	32453	0.596907891576326	3	2	1	-6.7809432990331
chr3	125697354	125931582	0.23657951507318	47	0.10684292983569	1.45784467162717	520	0.737308886794215	9	9	0	-6.74092784177956
chr3	125982256	195778546	0.498890098266743	1532	0.0882512609108064	1.10845931606711	72706	0.671095769637412	3	2	1	-6.89556975149884
chr3	195779084	195788697	0.499515506909902	105	0.0817834852616252	0.49071186552167	1182	0.0744912027578327	0	0	0	-6.99096549116138
chr3	195789434	198169929	0.498814406289825	160	0.108527637373617	1.11485355923303	5795	0.710830262690436	2	1	1	-6.75513633538177
chr4	85635	49149459	0.498914206288038	1243	0.0804294414154314	1.07270627914764	46276	0.635457797602595	2	1	1	-6.90948413308048
chr4	49157790	49657645	0.263703536194172	33	0.116879016702976	1.83172023506716	158	0.724159406098284	11	10	1	-6.73489181058333
chr4	51848078	190179746	0.498916487085256	2152	0.081717881547498	1.10944953356702	104052	0.668313511373285	3	2	1	-6.93030817282172
chr5	163654	5954780	0.498997074668686	167	0.0747701337593293	1.01409826344745	6205	0.50159010343924	2	1	1	-6.73368065592457
chr5	5954790	5955241	0.111176118418493	9	0.126674561157497	1.12673721717518	30	0.414734260577242	20	20	0	-6.77168827029381
chr5	6372472	45262925	0.498901586288821	622	0.0817163720325402	1.10955401484748	27796	0.69794887903618	3	2	1	-6.91126348769999
chr5	49601536	50402203	0.461383353094353	23	0.153646583845111	1.47796442061787	229	0.571657795755284	7	4	3	-6.73554652457795
chr5	50608552	152404622	0.49893059098618	2247	0.0756234992032927	1.08358474664008	103727	0.630071627189878	3	2	1	-7.11880301051411
chr5	152479840	152479912	0.161197116452536	9	0.137251593797668	2.64920563461547	11	0.405831312918871	17	17	0	-6.73307574071845
chr5	152479936	181283260	0.498896275311949	668	0.0776090057943744	1.09771846121918	32838	0.651132822717208	2	1	1	-6.94266522982131
chr6	289977	30972792	0.498884059507006	897	0.076953443634831	1.12002787248848	35619	0.666571740394915	3	2	1	-6.92608769843945
chr6	30986468	31030047	0.497695917239978	20	0.0396968446313332	0.487794831993957	543	0.37295786149543	0	0	0	-6.78449486281995
chr6	31030243	32473645	0.498884995184271	266	0.0741760021020427	1.13702421134605	10487	0.59258977297403	4	2	2	-6.7467044918958
chr6	32521819	32666728	0.314511948887394	144	0.100762755116017	1.06469942000008	567	0.351516615457536	4	4	0	-6.76763127315358
chr6	32703988	57054876	0.49891789605285	922	0.0807830563921132	1.1002899000293	45173	0.553519208530923	3	2	1	-6.92783017639181
chr6	57310248	60544763	0.498426826821714	21	0.147310427006244	1.22218244208946	534	0.658505173705488	4	2	2	-6.73311523495647
chr6	64295121	170323295	0.498921186496852	1987	0.0803761175890552	1.11363413806915	91041	0.669464566735854	3	2	1	-6.91952294706141
chr7	32924	58091558	0.498911544526198	1710	0.0833263363471532	1.17687782699369	62175	0.703637900674578	4	2	2	-6.84216864276033
chr7	60993073	100938425	0.498900482989588	1059	0.0892938302150731	1.170359293482	51749	0.74597543726484	4	2	2	-6.82015440239753
chr7	100951933	100959891	0.373122179581761	140	0.0582569952219635	0.832247908188332	820	0.116410071463256	3	3	0	-6.78027433698207
chr7	100959915	142055558	0.498909005126882	1039	0.0819092100379821	1.12331213607771	49168	0.677600106778601	3	2	1	-6.90409672171661
chr7	142055995	142750480	0.39668356971667	137	0.0864012471235709	1.04089408636316	3184	0.442289099834276	2	2	0	-6.73474938508573
chr7	142750558	142773481	0.293490252196364	67	0.0723926707535584	1.03223539021706	382	0.251768729709783	6	6	0	-6.76277797355287
chr7	142773685	152230042	0.498885909173843	364	0.0732636355103721	1.10167501247459	16984	0.621827843646389	2	1	1	-6.81796970806932
chr7	152235662	152408028	0.382423459777717	64	0.117745083812042	1.29783356340752	466	0.847480711359417	5	4	1	-6.7333069476301
chr7	152442769	159195401	0.499025196035898	169	0.0843312712675996	1.15961424365903	5813	0.913426345362454	4	2	2	-6.74750118275139
chr8	213553	43672929	0.498915065903582	1294	0.085440868591103	1.09426643597107	45844	0.625607413365467	3	2	1	-6.9336218529309
chr8	46596061	141211775	0.498908308354909	1192	0.0800310643806393	1.12578550414677	65539	0.673750055992528	3	2	1	-6.91300129610601
chr8	141212162	144995323	0.498903612893993	381	0.0679672065477675	0.987757799878926	14495	0.520073843660334	2	1	1	-6.74208501776561
chr9	14396	39149602	0.498894377010469	828	0.0886688025452754	1.08279296484481	37115	0.68012800678167	2	1	1	-6.90636683482369
chr9	39355621	43242683	0.42760142700983	193	0.115419811049989	1.221890176559	2661	0.868493897909458	4	3	1	-6.73842505451172
chr9	61194086	66908658	0.360937616536637	141	0.121293231986097	1.36847331005167	1866	0.778408392604741	6	5	1	-6.74408448059367
chr9	66919504	93952699	0.498883334743313	546	0.0779560663951038	1.09015887989482	25499	0.671191411950379	2	1	1	-6.88626601086369
chr9	94178261	94845831	0.113252794434576	9	0.184448502298067	1.01411572577503	943	0.675491032997818	9	9	0	-7.22775333501005
chr9	95107410	138135626	0.498923592892562	1551	0.0833986869625913	1.06065718013106	82176	0.573813985725771	2	1	1	-6.84784467628619
chr9	138141263	138217446	0.316879705419361	30	0.0946538096336377	1.41792016189411	158	0.961273727127132	8	7	1	-6.73529848663521
chr10	47876	38998779	0.498895715723586	873	0.0890959520362843	1.12343471524971	37341	0.72526219195804	3	2	1	-6.87816385731661
chr10	41875443	42271616	0.235729766641093	9	0.129470181037094	1.39522194859985	109	0.775421444823009	8	8	0	-6.75006599338948
chr10	42271626	133626881	0.498926920557937	2335	0.0801477959973425	1.08461937381409	114123	0.629382122382044	3	2	1	-7.07058485203238
chr11	179642	1016665	0.497187333142898	173	0.0729332713155913	1.05022735113945	6327	0.551689954613102	2	1	1	-6.73528421135453
chr11	1016704	1098450	0.30926927599547	80	0.0972465091625596	0.971309027614521	1386	0.261757653653828	5	5	0	-6.80196255100341
chr11	1098724	1457248	0.499301550308498	127	0.0616622542225025	0.706251554614478	3468	0.316848681057297	0	0	0	-6.77776777878282
chr11	1559027	50513000	0.498932512423742	1503	0.0754688873744838	1.06167242775508	63297	0.585534276776509	2	1	1	-6.86441285479471
chr11	54591643	134882159	0.498936398559214	2439	0.0772572767338346	1.07568772411279	132120	0.577720702603737	2	1	1	-7.10926222904522
chr12	12252	34209606	0.498905106615798	1242	0.0897700959164259	1.12299029950872	51993	0.65385992623456	3	2	1	-6.87608180249763
chr12	37576363	40480388	0.342954333840831	76	0.0731318767946562	1.07393066407659	3072	0.670962503880188	3	3	0	-6.78820768519416
chr12	40482917	40489446	0.310743293067345	22	0.0603976720402267	0.36864866028258	694	0.0448473660588437	4	4	0	-8.79719513426569
chr12	40500186	133056950	0.498932935608043	2484	0.078215741235754	1.08567682743064	144182	0.628812412460617	3	2	1	-7.07281435203439
chr13	18171311	113962131	0.498920000792036	1909	0.0813701194203164	1.12013037594133	72697	0.679925264918601	3	2	1	-6.90693008583394
chr14	18330546	19499787	0.487091286118889	45	0.11674771210961	1.11592080594263	912	0.763480771851645	2	1	1	-6.74996186983537
chr14	19666348	105622067	0.498930420053709	2226	0.0781068878429157	1.0869294399807	114478	0.624713346636251	3	2	1	-7.05495594035172
chr14	105624387	106875207	0.49881195378309	266	0.0882836762398586	0.837667766842978	3970	0.398132225198887	0	0	0	-6.73627357418748
chr15	19899654	22372308	0.498679223012379	207	0.118937861530684	1.19280996032317	2320	0.728621212750579	4	2	2	-6.7350331196322
chr15	22401203	101976440	0.498923186117883	2411	0.0860746386270527	1.08075942296582	128557	0.619557919542972	3	2	1	-7.06211988589907
chr16	11922	31547360	0.49892766890315	1578	0.0779304698627721	1.07537018472879	80367	0.617912531473937	2	1	1	-6.86618991919936
chr16	31563890	36101193	0.498732791477178	76	0.111606862487868	1.21005207064366	2829	0.629220217278129	4	2	2	-6.73408531168377
chr16	46386441	46401482	0.486825515397588	36	0.123497946772984	2.0026833407456	447	0.59633099889758	17	9	8	-6.73634866432539
chr16	46401545	90101497	0.498919177811686	1516	0.0786796417302311	1.06799400282228	71605	0.608836038183905	2	1	1	-6.87619166770988
chr17	137603	18393900	0.49892249353121	1245	0.0823701135490899	1.08413024186502	56859	0.658236665318446	2	1	1	-6.8242927719042
chr17	18397788	21415798	0.460657422212706	342	0.0920933295909503	1.10456000413557	7345	0.654375726757614	3	2	1	-6.73677182130448
chr17	21416124	22088872	0.296967153484108	73	0.135361364541935	1.07171792431439	554	0.619629548771427	5	5	0	-6.78428075778221
chr17	22131249	22742088	0.398170523296335	33	0.113638715127185	1.59954204535679	233	0.890344291400546	7	5	2	-6.7340794503859
chr17	26603749	26963284	0.20622880721649	14	0.098415607848206	1.80174795134899	57	0.683941956326749	11	11	0	-6.73665486323414
chr17	26963308	58703098	0.498929848897737	1341	0.079571718491539	1.08635431888176	86379	0.634633115942458	2	1	1	-6.91269485678051
chr17	58860655	59015395	0.497846370596284	9	0.218576137256055	1.2798817217002	243	0.920383629050049	4	2	2	-6.73330185144761
chr17	59017256	83094678	0.498927752582926	1211	0.0750537413106963	1.09166939774976	62029	0.617926133554326	2	1	1	-6.90046432929506
chr18	47492	15208946	0.498874927431802	475	0.0941553965691124	1.13790799449036	17820	0.746251689662331	4	2	2	-6.81985645440358
chr18	20993033	80257347	0.498903408562274	879	0.0846097457498543	1.08942593419648	43796	0.663987533582552	3	2	1	-6.9649610266342
chr19	282753	11759906	0.498925599003804	1460	0.0759540143718	1.1332763853043	61746	0.740550401528815	4	2	2	-6.80759629911163
chr19	11760786	11799679	0.312067463927279	13	0.0774118191466248	1.24667160153895	154	0.768102564652658	5	5	0	-6.73509849011181
chr19	11804370	24364762	0.498906682929511	1110	0.0810155619645561	1.1623621659967	49344	0.706678579808618	4	2	2	-6.77388267964573
chr19	28628951	54848353	0.498923660043784	2633	0.0855278527253512	1.12667330747681	108224	0.646043695315895	3	2	1	-6.89088186597698
chr19	54850668	58599162	0.498906861179911	505	0.0805421639738416	1.05330799277389	18898	0.603701548324834	2	1	1	-6.73932161140997
chr20	101505	26081626	0.496666392901785	668	0.0779254950156471	1.15284830556513	28925	0.686817243009765	4	2	2	-6.85215502652587
chr20	28560028	30877121	0.498686037778136	235	0.128758078329256	1.5795411501779	1211	0.836646404591203	8	4	4	-6.73527266001449
chr20	30897870	64302540	0.498913751599532	1217	0.0825848124091097	1.14254403581341	62132	0.685479230261243	3	2	1	-6.91469403179926
chr21	5218123	13052061	0.370765826484158	518	0.123693171726951	1.31252854274341	2949	0.930092324162941	5	4	1	-6.74116187346641
chr21	13624351	13827190	0.323095261313366	9	0.171604276688484	1.31349933446852	97	0.521737679270714	4	4	0	-6.73736102157702
chr21	13827294	46697396	0.461380673442176	904	0.0821101939290686	1.00395738852449	35123	0.574005322596236	2	1	1	-6.87880849940955
chr22	10678964	12694025	0.493599990566011	461	0.130590215071328	1.60095407340335	1875	0.927939902328795	8	4	4	-6.7350139126916
chr22	15277980	50798635	0.498914384839643	1949	0.0897358802328394	1.06724612828982	82877	0.664090245514088	2	1	1	-6.82862155347767
chrX	235660	57592437	0.404474862424483	157	0.101291541200625	1.02175084959779	40165	0.460764038904107	2	2	0	-6.73445270637695
chrX	70372612	156024351	0.49891783428015	42	0.101236802813515	1.02011123188975	49796	0.436314667147473	2	1	1	-6.73313300783174
chrY	3066285	11986761	0.268597040224588	171	0.129690744326982	1.08927366497191	2287	0.853778828965698	4	4	0	-6.97791974023419
chrY	19413667	56886944	0.331232245675658	140	0.120096564435921	1.06321133368592	1260	0.736032567443953	3	3	0	-6.8962787432318
