chromosome	start.pos	end.pos	Bf	N.BAF	sd.BAF	depth.ratio	N.ratio	sd.ratio	CNt	A	B	LPP
chr1	14653	739054	0.498744721672218	14	0.104586995178366	0.531038478705164	156	0.449828943639669	2	1	1	-6.78454325898846
chr1	739076	1637577	0.0887039361197561	116	0.0621828004729818	0.40342246673249	6336	0.161864314001823	2	2	0	-7.03287636296905
chr1	1638657	1708951	0.49828511182143	20	0.148071817568012	0.42272901603436	474	0.206420057354279	2	1	1	-6.73833815035598
chr1	1721552	13224919	0.0863068780807857	541	0.0672939333430374	0.410778575031835	26015	0.181673524890728	2	2	0	-8.3785995954149
chr1	13225068	13247096	0.498654321879277	22	0.143659417159225	0.322802503324232	135	0.109892339897552	2	1	1	-6.85872165835533
chr1	13247336	16579483	0.0989574992001502	172	0.0776324977413606	0.390580413516169	7744	0.201310967021537	2	2	0	-7.69710977136893
chr1	16582419	16939065	0.498610533960056	144	0.145998562408437	0.448301957596875	1905	0.232517016329877	2	1	1	-6.73385649066725
chr1	16939622	21980759	0.0879798029534378	310	0.0756378076184787	0.418049250636272	13591	0.175895472646591	2	2	0	-7.36687533231452
chr1	21989169	22491224	0.49875380158438	9	0.161540242664173	0.425319112347202	460	0.21062466370958	2	1	1	-6.76303182676818
chr1	22506250	43879124	0.0914727153863787	742	0.06622562458385	0.434738657098186	50636	0.182485425506358	2	2	0	-7.42769773806718
chr1	43894649	43930114	0.125592294468239	9	0.13972691620125	0.384825781566058	110	0.10363892257204	2	2	0	-6.80760991676126
chr1	43935712	58576329	0.0918641622411971	395	0.0671656524324074	0.443669647349302	25224	0.187358398865379	2	2	0	-6.88672942644718
chr1	58630822	58631181	0.332509992943191	13	0.0374710144388556	0.600530973678161	33	0.122293432824994	12	8	4	-6.78231701815433
chr1	58631500	121375092	0.0969454750335977	769	0.0765312591291248	0.49839150008078	63482	0.192476469577549	2	2	0	-10.7888795458802
chr1	125117942	146963488	0.498723620322331	65	0.119929185836412	0.796618872258862	7329	0.392907809513359	4	2	2	-6.79368234539145
chr1	146964213	168056024	0.498920400532524	1031	0.0802013724880942	0.760265991826344	80182	0.368841612331593	4	2	2	-7.19841183914006
chr1	168137478	169424988	0.102204745563674	28	0.0703663504839016	0.508047642251359	1166	0.229352243899834	2	2	0	-6.90973816991659
chr1	169540995	196907328	0.498900097455645	498	0.0834748785695043	0.895793869564263	36728	0.434155737981482	4	2	2	-7.3730167230468
chr1	196913214	215728150	0.498922543028577	737	0.0754643644308353	0.827358915692095	44799	0.395179346935961	4	2	2	-6.74190879783676
chr1	215741304	220884320	0.102797778280291	73	0.0960549848876444	0.48797702774346	4225	0.171420250512053	2	2	0	-7.21891789492806
chr1	221966364	231457541	0.49888868139823	436	0.0828049023985014	0.824268906349454	24274	0.424299314456455	4	2	2	-6.73481032149453
chr1	231795302	242108021	0.105554700381549	317	0.0728307800676099	0.483092153037931	11765	0.192467608719038	2	2	0	-7.29749708524422
chr1	242291523	248911758	0.498848997667756	307	0.100101131719384	0.810101833987789	11863	0.413462361863056	4	2	2	-6.73546168547079
chr2	224919	91967033	0.362168974510143	1970	0.0898005817944396	0.657929988764061	114942	0.290413125909773	3	2	1	-7.3793526942755
chr2	94190317	131723853	0.355178461100796	931	0.100104335566175	0.643303568093184	51425	0.288006144128173	3	2	1	-6.7642239952655
chr2	131723897	211388084	0.358247026610893	1389	0.0894788546604916	0.713194415022817	98286	0.278806490535394	3	2	1	-10.6226357557207
chr2	211415321	242119133	0.357049359095803	1054	0.0854107454754767	0.620820629006614	56502	0.277291681913206	3	2	1	-6.87765125088704
chr3	176516	90257490	0.362580495116211	2117	0.0888007622487054	0.625104396420102	126366	0.275691825851671	3	2	1	-6.95705055512545
chr3	91408287	195778546	0.352748073447477	2107	0.0912525118346066	0.684446504112931	122622	0.297866249362679	3	2	1	-9.15851083889596
chr3	195779166	195788469	0.498989014335965	66	0.0985205065445271	0.294677461521714	1141	0.0745352443223071	2	1	1	-6.91624724232586
chr3	195789434	198120403	0.338940138569221	141	0.0976831151365275	0.673496702474007	6576	0.294667719776669	3	2	1	-6.80490621822237
chr4	161865	9159157	0.49889217714868	574	0.0756684291049023	0.419580480597835	19776	0.179664460944208	2	1	1	-7.65209268255427
chr4	9159184	9243824	0.304325413734602	9	0.143943661818705	0.316852317457553	340	0.160222810628312	1	1	0	-7.28105869289699
chr4	9243905	49017215	0.499101931193629	574	0.0762965987114817	0.50548318833995	25606	0.201235519013985	2	1	1	-10.232228497074
chr4	49109745	49711673	0.26171584705497	65	0.142855598824073	0.573217541243261	301	0.248053022856796	3	2	1	-7.05307670942873
chr4	51837444	189983131	0.49891613208129	2116	0.0839149353423131	0.507958230495208	101075	0.190042600970837	2	1	1	-13.7640589761301
chr4	189983228	190179746	0.277676771224162	18	0.122923338137327	0.464143357498791	199	0.269367079977199	3	2	1	-7.13161037236675
chr5	135461	6652139	0.305599029014266	268	0.0917454342467572	0.674852141989048	8996	0.313646581468478	3	2	1	-7.0500740119298
chr5	6656097	46206800	0.2709383098912	624	0.096296203410149	0.881140499806517	36730	0.412163809789594	4	3	1	-7.41729734360269
chr5	49600014	50403152	0.341365988540908	48	0.140325405450665	0.450630002323184	349	0.141474684444376	2	1	1	-7.41771517605872
chr5	50405921	139419052	0.498913618977717	1343	0.0847570665054479	0.504251363059823	74316	0.192159623813595	2	1	1	-12.1962817654209
chr5	139437401	141491971	0.498880579787721	151	0.0664855415907707	0.389092038507699	10625	0.1619937969539	2	1	1	-7.69776071420871
chr5	141576210	181282886	0.498914240420131	983	0.0805700450331422	0.447557344050137	49097	0.184077581862582	2	1	1	-6.90022704480101
chr6	142771	355122	0.231967674287102	11	0.129667546931654	0.677047979140093	204	0.359042733410865	4	3	1	-6.84227531507264
chr6	401397	29738272	0.488004352142252	693	0.0776629551782025	0.785228691888029	40296	0.427156335801762	4	2	2	-6.90712078289393
chr6	29738351	29741763	0.0251997014600385	9	0.0355	0.679726696454348	11	0.0635355305035193	6	6	0	-6.96696622383018
chr6	29744259	29887797	0.494891559297758	59	0.0674542943295312	0.727382084563159	364	0.312709381046557	4	2	2	-6.74865998289132
chr6	29887813	29976476	0.438816490537995	60	0.10719443630684	0.810923316117373	472	0.375339042716205	5	3	2	-6.79538020810734
chr6	29976481	29976634	0.136703185491748	11	0.0660945603593133	0.645582366398493	14	0.185981876110975	9	8	1	-6.73920414208974
chr6	29976681	32518268	0.499019265429827	605	0.0700314786098241	0.726891315298611	23209	0.341664049577192	4	2	2	-6.91104418986848
chr6	32519261	32742600	0.363934336519127	270	0.112119910338747	0.77255061681736	685	0.316059913295595	3	2	1	-6.78518873613485
chr6	32742643	57324091	0.485966985076693	1129	0.081302178075205	0.80958165901091	63430	0.369024661100327	4	2	2	-6.76324147583284
chr6	57374535	60855642	0.498279395649094	14	0.204105836045157	0.927482739123635	624	0.492867121540707	4	2	2	-6.86501291092047
chr6	61156060	170640200	0.498937931928028	2248	0.0813552332984456	0.873241431215732	122861	0.418461919396532	4	2	2	-8.00524602369782
chr7	31439	6937935	0.364887150390782	496	0.0952557467164183	0.581813574412	17685	0.288235636577814	3	2	1	-7.11412533125048
chr7	6938074	58088558	0.354584521991755	1177	0.094406026348608	0.671062882777768	52453	0.302635850811301	3	2	1	-7.5508672082156
chr7	60981092	100747483	0.355548216978983	930	0.0923149913009735	0.641670084252575	55718	0.3130341997273	3	2	1	-6.74939549756345
chr7	100751317	100969671	0.388261166637095	335	0.0714460068681185	0.524506564408352	3590	0.191900437104081	3	2	1	-6.97501554470412
chr7	100969846	101004378	0.369721724557995	41	0.0936353266147126	0.340140045658463	1000	0.120140351289681	3	2	1	-7.26024878732022
chr7	101004395	159243027	0.347047392986178	1683	0.0872519866008759	0.639600731083705	85895	0.284656723830456	3	2	1	-6.75153247050445
chr8	213255	31648384	0.356142953694193	975	0.0911464653664181	0.634320935593094	38284	0.284976928076899	3	2	1	-6.73571472944074
chr8	32104992	43179049	0.498890630595776	209	0.0867103291084117	0.830020747415265	16278	0.41050549826877	4	2	2	-6.74109744670098
chr8	47283889	75564222	0.498877016702647	429	0.0798219282968129	0.888565680152899	26876	0.441306603345807	4	2	2	-7.27289464618332
chr8	75630379	145066250	0.417167462134409	1596	0.0905455100467066	1.0204386824361	96706	0.595873147820104	5	3	2	-6.78480060746562
chr9	12863	39001318	0.0703761362349576	792	0.0653285643621786	0.659192175658324	43895	0.293217565760892	3	3	0	-7.05104834962809
chr9	39003504	41964752	0.142479257097565	132	0.141097573585806	0.587083116468398	1547	0.349049896250009	3	3	0	-6.97503886069574
chr9	41975088	43266193	0.0824417648479131	72	0.108395208043347	0.577452638280093	1085	0.351492664218093	3	3	0	-6.79797934312634
chr9	61581957	63720453	0.379775537471317	23	0.161621465231928	0.570062477351669	553	0.329290798405548	3	2	1	-6.88504951423324
chr9	63762196	63821044	0.491855996584601	24	0.0954375791904799	0.670115615922612	68	0.219652643011846	4	2	2	-6.76646143848336
chr9	63821057	68304360	0.103772581008662	88	0.14795814737665	0.60636197167148	1516	0.430453742799634	3	3	0	-6.79542848810655
chr9	68609002	136518432	0.0701155408698967	1984	0.0617156627589404	0.625633694186897	117021	0.283742158125262	3	3	0	-6.87849533572161
chr9	136519456	136755482	0.0688613684063824	9	0.150532480806561	0.585203786495676	748	0.267930013299987	3	3	0	-6.74707506610548
chr9	136756451	137032610	0.0646715363934227	36	0.0469715888461329	0.586095131271943	3689	0.216750203509907	3	3	0	-6.76928808465698
chr9	137034628	137050237	0.498070950549966	9	0.189556719743722	0.609337634870087	217	0.171975067232976	2	1	1	-6.76014253170891
chr9	137050284	137348321	0.0708280926359899	83	0.0472726350822829	0.580619771186463	3545	0.234149241143457	3	3	0	-6.76049617671591
chr9	137352271	137355678	0.491313618342409	9	0.157896678594298	0.605714921008614	92	0.246896949513212	2	1	1	-6.73760542796966
chr9	137356181	138219529	0.0736416691331911	88	0.086860376767814	0.552291361582945	3868	0.247994481776566	3	3	0	-6.89824664216617
chr10	47663	39455375	0.353456473069478	958	0.0935422008800531	0.672218448053365	42480	0.318002943130664	3	2	1	-7.36224195382355
chr10	41859953	42149116	0.12728483389847	9	0.125944432191344	0.830213356964085	47	0.263508084578629	4	4	0	-6.92211905730673
chr10	42149123	133689420	0.359023804030513	2589	0.089402748005573	0.645872175273954	134854	0.284794486956113	3	2	1	-6.87601197327675
chr11	133621	1182814	0.327611284919234	330	0.0762365457337008	0.552399176512167	10877	0.232175422920882	3	2	1	-7.0473217543004
chr11	1183425	1191652	0.347548157493681	41	0.0889720633051774	0.307422501945706	836	0.0720398912319885	3	2	1	-7.20558504395
chr11	1192440	50553108	0.369141724173984	1509	0.0839209948885204	0.610365858152027	76814	0.260299970926941	3	2	1	-7.42715649056184
chr11	54591798	87258828	0.368872104625311	1448	0.0835609227322611	0.590895926403614	91870	0.257576110553546	3	2	1	-8.04639171510148
chr11	87258955	113524607	0.498867260263887	492	0.0852593727611084	0.501238315979005	24054	0.186751879005806	2	1	1	-9.4043096306142
chr11	113690332	134467672	0.498901632285951	564	0.0792667224151524	0.436214477539372	31874	0.17538848999459	2	1	1	-7.35530689653488
chr12	12180	34622936	0.378003658394632	1281	0.0919071011444637	0.598462945419853	57285	0.24626923853012	3	2	1	-7.8416794830749
chr12	37575823	40479449	0.381705742568247	73	0.0980060259694873	0.647676184733135	3331	0.209210034868324	3	2	1	-6.78262195975914
chr12	40483491	40490956	0.333866127224607	29	0.0731427681457279	0.245805709790248	771	0.0531058064127828	3	2	1	-7.96759418849708
chr12	40494239	133219374	0.373644161648619	2397	0.0862419899014404	0.579051983525397	161277	0.241857032889653	3	2	1	-10.7852930857281
chr13	18171287	18290517	0.498447662034132	36	0.121299066328078	0.553256920594918	428	0.308894375233843	2	1	1	-6.76190515788293
chr13	18294514	45466687	0.487936254691379	766	0.0902366591403393	0.898037257095108	42151	0.434088585313971	4	2	2	-7.41165286538791
chr13	45476023	114330642	0.498917609110186	1153	0.0825812201858721	0.886776805003695	56495	0.462847771838286	4	2	2	-7.77495863422532
chr14	18330642	103339882	0.350986456893975	2276	0.0893630276745075	0.657079219890976	126614	0.28717634762541	3	2	1	-7.30703798546228
chr14	103386388	106269204	0.498889509240451	385	0.0809294290339814	0.372683065422295	10550	0.16333558229355	2	1	1	-8.58410945175891
chr14	106324577	106728196	0.268449995046998	17	0.0867848506026118	0.317641733593997	1171	0.156563431963044	1	1	0	-7.68297542010949
chr15	19899617	20373424	0.498656591450628	65	0.182518226171019	0.387118386518188	704	0.21378110125492	2	1	1	-6.88955969894223
chr15	20418570	23310881	0.111949255630537	107	0.142813390244335	0.442684667928475	3237	0.217992781023425	2	2	0	-6.76291695363252
chr15	23358266	23440748	0.390636585855795	14	0.111675181458756	0.378571177518773	224	0.162831118322544	3	2	1	-7.25218746608156
chr15	23677239	34523049	0.0895037633675491	235	0.10630860952089	0.417655531712196	13103	0.183941563747864	2	2	0	-7.8758545520004
chr15	34527993	34556906	0.449317487971326	11	0.129744994648594	0.249493269201128	44	0.124677247170224	2	1	1	-7.20026977665995
chr15	34752856	76259511	0.092108351343818	1218	0.0714553033511661	0.473492348688523	77628	0.1927546582067	2	2	0	-7.68492911906596
chr15	76260006	76261159	0.350335906500754	25	0.093321076576159	0.553173831734006	60	0.132151790614853	3	2	1	-6.73699922240455
chr15	76261247	101976613	0.0937378667056458	957	0.0672038493448936	0.451268922769555	34440	0.200975985539693	2	2	0	-6.75893566163716
chr16	14497	31915298	0.498919501951245	1264	0.0821360584027232	0.416464019689231	80346	0.177425832907718	2	1	1	-9.54917519380786
chr16	32116749	36101300	0.498513739693239	69	0.165791495919882	0.41407008139957	1686	0.202776850264954	2	1	1	-7.2017259065747
chr16	46386441	46401528	0.486642304067056	45	0.139111055845989	0.363920145891977	346	0.118873646737825	2	1	1	-6.77010460503961
chr16	46401545	66623592	0.498894858641016	387	0.0787717780972009	0.446462658002038	22048	0.184944370057738	2	1	1	-6.84694173886068
chr16	66725779	90163955	0.340333085152665	1182	0.0891040563825777	0.584664676336094	58747	0.26545934716609	3	2	1	-7.92873129684317
chr17	137603	18329414	0.0943867188456798	1058	0.074600437574328	0.419788573979524	56315	0.176345675092918	2	2	0	-8.40312038815422
chr17	18397816	18501036	0.498596692681106	35	0.152410315273215	0.459974018593975	563	0.191224620097521	2	1	1	-6.73331371003724
chr17	18611207	20431085	0.081150484383217	82	0.0667033920975093	0.442550689777492	4777	0.188958657112451	2	2	0	-6.80258398566271
chr17	20450280	21291098	0.498287330237601	38	0.144592742440378	0.38523587510226	1669	0.194665157495069	2	1	1	-7.07756794435172
chr17	21295547	21416729	0.361301649866471	160	0.100298410102964	0.316568039518332	489	0.134267849374454	2	1	1	-8.19117052302403
chr17	21443773	21657056	0.119141872803322	9	0.122641754716736	0.50862434237035	130	0.222834599503394	2	2	0	-6.7799213156475
chr17	21657068	21672667	0.499162701346922	16	0.0735335524324327	0.480388909842287	59	0.229193177397913	2	1	1	-6.73364955154488
chr17	21672730	21795708	0.189556727909518	15	0.111117698217444	0.295094072166144	145	0.134444911021641	1	1	0	-6.78354979205763
chr17	21825622	22741813	0.223765534333984	47	0.114042942720972	0.496801366270567	279	0.298587007377589	2	2	0	-7.41577077344391
chr17	25920162	26732358	0.106959624427698	12	0.10396138560528	0.907537855025984	122	0.47423969342254	4	4	0	-6.89937341231448
chr17	26755055	26963608	0.35629139978694	18	0.0639728547416078	0.707482908374241	43	0.496066506588608	3	2	1	-6.73882292751439
chr17	26981762	36140346	0.0956512054837946	368	0.069084500142032	0.454387370082492	23260	0.187950002124359	2	2	0	-6.73544330352175
chr17	36166117	36438005	0.498554489626978	15	0.12180691199404	0.17661607516076	200	0.184426252777547	0	0	0	-8.33350554532817
chr17	36486677	39526404	0.0920603069617198	147	0.0624009441481801	0.44520239350318	8413	0.179281394376855	2	2	0	-6.76743217316741
chr17	39561027	39727784	0.00654486306386792	51	0.00572493685212198	26.6199712514596	18775	32.6167064442588	20	20	0	-7.2673705058302
chr17	39766006	40487528	0.0719993833253589	59	0.0611483140099026	0.443590375257166	3704	0.166589625863677	2	2	0	-6.86565026578673
chr17	40531497	40913244	0.0132462107238553	58	0.00796470207408015	23.3160865060535	21601	21.5271977028324	18	18	0	-6.73555735999579
chr17	40941499	41140214	0.101899907125851	76	0.0516479360502006	0.401921507101977	852	0.207765318846841	2	2	0	-6.77546190872414
chr17	41149005	41828561	0.0275712722908546	84	0.0888630123754828	16.850845416228	52062	19.8308824733498	9	9	0	-6.73852355319047
chr17	41853703	45549492	0.0884696893162227	205	0.0680398608800726	0.416764720909531	19637	0.174227970768757	2	2	0	-7.25677930133072
chr17	45581615	45586395	0.349057689750424	20	0.0844400129646703	0.625471460060629	77	0.364904731993579	3	2	1	-6.73853209746226
chr17	45784487	58720846	0.0927503311589923	349	0.0747832287652004	0.449787574100333	23261	0.193682164817678	2	2	0	-6.76209375955562
chr17	59120195	64870880	0.339076205229358	204	0.103838598924862	1.16454193617526	26713	0.690244981655127	6	4	2	-6.73741596380456
chr17	64895871	68929782	0.383310103566919	193	0.100866876263299	1.11922386772769	10153	0.697884604059273	6	4	2	-6.82811791393285
chr17	69078931	83094678	0.0885748392689831	901	0.0677381232266301	0.416298404347105	40542	0.175434601438904	2	2	0	-8.35229051808981
chr18	47974	84841	0.0575750303589526	17	0.0527873787276957	0.859281204863027	145	0.881304651738685	4	4	0	-6.73397576584856
chr18	107892	108505	0.309611293411307	17	0.0787348958437706	0.346632957387034	88	0.087145658103131	7	5	2	-6.83147897646567
chr18	109956	112235	0.154451277184852	9	0.131065293312574	0.644580554004331	176	0.185577176772795	7	6	1	-6.76045594152286
chr18	112415	7129612	0.0339734087081822	369	0.0375661378203039	1.31621694516006	13199	0.838814618546934	7	7	0	-6.7407496192424
chr18	7134445	7211294	0.075263295990203	9	0.18720450789919	1.3289715297004	154	0.733003870131002	5	5	0	-6.75513064321666
chr18	7264937	11610164	0.0304161474780006	210	0.0377968900653236	1.27113589844101	7916	0.897252022124008	7	7	0	-6.75260174083207
chr18	11610333	11644845	0.125933627100293	26	0.108690838903463	0.985164129167456	348	0.704273913683481	9	8	1	-6.74778767713602
chr18	11644846	15339411	0.0350987840934734	234	0.0346341083215299	1.28311017266115	10005	0.854394599376082	7	7	0	-6.74586941672512
chr18	20960524	40937994	0.035832465303181	336	0.0329410339575846	1.33576879337335	29835	0.824765791164465	7	7	0	-6.74408606280911
chr18	41990340	79950980	0.157475985446178	557	0.0959947606126038	0.295204975224013	21684	0.123888579239523	1	1	0	-10.9653766909287
chr19	282753	12800165	0.498923678965865	1407	0.0772995878234472	0.393582019183131	64253	0.17187420756558	2	1	1	-9.77984576969914
chr19	12801112	22832232	0.346487250459413	844	0.0864618325259744	0.554222609445539	46875	0.262698105061817	3	2	1	-8.06924462598848
chr19	27944179	58571001	0.345232835439992	3145	0.0876470694263675	0.560846544577696	146542	0.252030114749739	3	2	1	-9.5432210687544
chr20	101498	26081626	0.364690708688627	654	0.0842977146590696	0.626478226334763	32937	0.292468791999447	3	2	1	-6.78296451808712
chr20	28559767	30867187	0.446970081751556	237	0.13267627975063	0.778825781488426	1270	0.319224918820476	4	2	2	-6.86040484482717
chr20	30877066	64273189	0.354681950693906	1132	0.0884153182809159	0.595785707508861	71454	0.276435182110893	3	2	1	-7.70207397028441
chr21	5128482	13052061	0.320261430398986	501	0.130257706642335	0.485675843486717	3014	0.310087045830331	2	1	1	-7.90966196545129
chr21	13373642	14144577	0.498521138625202	52	0.13575834016029	0.313908966089038	537	0.166339369045433	2	1	1	-8.43631041318765
chr21	14144627	30741956	0.161726338383184	150	0.0995055923467491	0.298609769153368	5626	0.121978008794642	1	1	0	-9.85353675209404
chr21	30741957	30742272	0.452068374245369	11	0.0595751626099333	0.297871095229074	26	0.0334906646005214	2	1	1	-7.1282237173486
chr21	30742335	33027838	0.16492994135139	61	0.0888661392791569	0.274693300860313	2926	0.110922573589829	1	1	0	-6.73878257914179
chr21	33070850	46658699	0.498902136060637	576	0.0792857304509462	0.436416907822034	24524	0.191532870942118	2	1	1	-7.08263647503717
chr22	10678964	12694053	0.447412304390062	461	0.127254444196885	0.650697072470385	1938	0.331403845282918	3	2	1	-7.02609062051998
chr22	15529277	50782510	0.359948623792506	2174	0.0901645666614296	0.56810553597797	98574	0.272402870707117	3	2	1	-9.13458067955237
chrX	284503	2776032	0.0975583462918217	145	0.0879557441616776	0.328829844706985	2840	0.202711609035645	1	1	0	-8.14213734209424
chrX	6533815	57592437	0.365199707243134	27	0.1306025483711	0.804012240000356	45154	0.314871430591808	4	3	1	-7.08481871039012
chrX	70372514	156026281	0.498579817179584	51	0.141649180004963	0.797992929702618	62669	0.314653442682629	4	2	2	-7.04406598291382
chrY	9466925	11986608	0.495795487641397	166	0.14823998445137	0.367955542608829	1202	0.314268401038357	2	1	1	-7.35013455349025
chrY	19413653	56886992	0.274882305712738	139	0.125653240868997	0.192203473306167	1227	0.287905360812464	1	1	0	-14.6225875555467
