chromosome	start.pos	end.pos	Bf	N.BAF	sd.BAF	depth.ratio	N.ratio	sd.ratio	CNt	A	B	LPP
chr1	16949	16590214	0.364387621636251	957	0.0897280194718861	1.15070681036439	42020	0.540466268736948	4	3	1	-6.74329268338161
chr1	16592419	16636854	0.498823579504253	50	0.106659911563314	1.85417995497356	476	0.793851404158311	8	4	4	-6.73310822406375
chr1	16637116	121096208	0.366367911679003	2606	0.0868647227626428	1.19600281696287	158597	0.571216481763658	4	3	1	-6.85694458584867
chr1	143214846	152154979	0.398088441524551	271	0.100231542927474	1.03542082411021	19394	0.56403248716937	3	2	1	-6.77405501677691
chr1	152156611	152356893	0.405727521205574	18	0.0771697898830121	0.510382856201475	1611	0.29721123642367	1	1	0	-6.92214429619632
chr1	152664367	248936569	0.410045510139731	2567	0.0814187493117274	1.02408095769063	138967	0.456322533141472	3	2	1	-6.89141542009228
chr2	126990	91963698	0.231592594123654	1694	0.0895780884058336	1.09386240491835	95737	0.550331069286075	4	4	0	-7.42711782617198
chr2	94194584	95893316	0.217145091617841	34	0.100338446876402	1.1775866287358	2648	0.588535177864854	4	4	0	-6.73377813328367
chr2	95893430	97204314	0.477120139835569	106	0.116029655099607	1.14800987914283	5700	0.585538752762892	4	2	2	-6.75685812656425
chr2	97217350	241875962	0.221961039128218	2730	0.0833660412238346	1.07444878697535	162664	0.531726003835866	3	3	0	-8.07436178778361
chr3	197562	90234801	0.267113029588813	1671	0.0878653811616282	0.954657194420349	98433	0.414681805363968	3	3	0	-7.36320943803894
chr3	91387843	195778546	0.214487733383823	1812	0.0873168016618607	1.16270875335421	105177	0.601872158588854	4	4	0	-6.73490745603035
chr3	195778793	195790387	0.379124882332308	75	0.101442083063274	0.644190237345347	1642	0.137805186086485	1	1	0	-6.7344498185624
chr3	195790450	198120733	0.217049781340743	77	0.116615015582014	1.20672394151499	5486	0.578354291130436	4	4	0	-6.73815631665962
chr4	68209	49657645	0.251491423895636	1001	0.0921349787414764	0.978680262805186	43335	0.494860515161001	3	3	0	-6.78854999999882
chr4	52029884	67581322	0.246379127274289	125	0.0861526117777577	0.992242991738378	7492	0.437010374448154	3	3	0	-6.73697137083133
chr4	67911336	71567828	0.108263306733542	152	0.060758336203884	2.39225165864459	8920	1.86767257848786	11	11	0	-6.73362815851819
chr4	71688442	73620268	0.0579662927765259	72	0.0423444312834625	4.0146097610952	5059	4.16336551085554	20	20	0	-6.75071581009531
chr4	73666089	75940852	0.119181269005731	68	0.0707517702524414	2.50983813151812	3926	2.11529706214088	10	10	0	-6.74135311286909
chr4	76112378	190179679	0.299047550396465	1309	0.0930438840968723	0.837153909348709	70547	0.400118838708189	2	2	0	-6.74243859933501
chr5	169186	46206800	0.328085389013508	747	0.0906551828718206	1.22810156085478	35194	0.614202939050906	4	3	1	-6.98168490614016
chr5	49601562	181283260	0.295433727460526	2312	0.0905538332552506	0.83871629272089	119338	0.382707084788485	2	2	0	-6.7575667825286
chr6	147404	356417	0.443337171550684	14	0.0864208015760959	1.02840231912773	192	0.33703257427816	3	2	1	-6.79050948263272
chr6	401509	29745089	0.217029844418378	625	0.0844282641943549	1.15082247687299	29661	0.624121120250278	4	4	0	-6.74197348138702
chr6	29745496	29976681	0.191280584867358	184	0.0830012321110677	1.66567408669964	809	1.05278366218811	5	5	0	-6.7404721139085
chr6	29976874	32555080	0.201613452174345	523	0.0803991809188283	1.20229542125616	16903	0.518999708332428	4	4	0	-6.75312738508045
chr6	32558151	32580384	0.105212260106858	22	0.037494039930408	1.96321415770265	62	1.11613598630542	11	11	0	-6.73493910522992
chr6	32580401	32662382	0.221385527021992	141	0.103342939874403	1.11117564963638	381	0.61609798536667	4	4	0	-6.73616672954727
chr6	32664765	32666628	0.309965371151343	31	0.0645776518486045	0.655843460418902	55	0.284466459059704	5	4	1	-6.74089763555446
chr6	32666708	58120790	0.213836403071451	856	0.0786958720547714	1.18980414385739	47415	0.530213770055679	4	4	0	-6.75415068397252
chr6	61156130	170640200	0.210723323665043	1651	0.0854859667327447	1.1800576495857	92240	0.611288293420285	4	4	0	-6.75730214748875
chr7	31439	57727033	0.353821077917886	1675	0.0902866228357952	1.67025282206927	73491	1.08805960412425	7	5	2	-6.73425282467708
chr7	60957564	71253259	0.198680587275979	194	0.114746433978976	1.4722535105553	7524	0.962995948072531	6	6	0	-6.78166872217128
chr7	71571197	100951953	0.188871450282196	670	0.0834617698996448	1.3295236754816	45554	0.714947057981142	5	5	0	-6.73345371000734
chr7	100952010	100960738	0.391526074108555	170	0.064726946354718	1.04340033427653	1052	0.133981210805079	6	4	2	-6.77219595769965
chr7	100960849	100987709	0.408692120548781	110	0.0791807746819434	1.37050339745658	350	0.45187951082622	8	5	3	-6.73971416140743
chr7	100991359	101041312	0.239385946694249	64	0.101023409003392	0.692949033199744	1972	0.343891163378807	3	3	0	-6.773531833361
chr7	101047792	158926114	0.207587751550281	1288	0.0894648483406567	1.22217528046661	74140	0.659624656557499	4	4	0	-6.90479448192332
chr8	266437	43536353	0.241297992133597	1052	0.0872212329874144	1.03203167906215	43281	0.49532257389152	3	3	0	-6.84306671217705
chr8	46974490	144889502	0.243315777914971	1254	0.0886766527645843	1.03643672380951	75047	0.516820119772937	3	3	0	-7.00721389116339
chr9	12704	38932742	0.253618885271034	670	0.0850467243371712	1.00256800776186	34753	0.498983365714815	3	3	0	-6.7347843739749
chr9	39014306	43253957	0.498642063837417	166	0.128767149348617	1.14834531307109	2263	0.668871261583245	4	2	2	-6.7345018291345
chr9	61962029	66826856	0.498532757234482	83	0.143472812198483	1.32838496254647	1366	0.749775523800271	6	3	3	-6.8086512594363
chr9	66920278	138175475	0.252883381727121	1841	0.089514566061928	1.00032628432827	103036	0.460262688637268	3	3	0	-6.73368975100157
chr10	47876	38641027	0.324965614358935	909	0.0890493322487716	1.32411158755261	39016	0.785896048022533	5	4	1	-6.74651539862292
chr10	38645093	39455505	0.309033662180891	27	0.113785335452784	2.33050065544601	207	0.880298812051415	12	9	3	-6.73989126706637
chr10	42138394	133641550	0.456662110551119	1952	0.0828268311272496	0.982362344760759	106372	0.458994768595574	3	2	1	-6.95023087389985
chr11	180231	1182855	0.385323054969249	379	0.0846746196195609	0.99287768000498	8362	0.371898865001776	3	2	1	-6.81435254698478
chr11	1183369	1191729	0.387146991780996	44	0.0788060582715313	0.461907193866541	647	0.117733032245323	1	1	0	-6.7955534095042
chr11	1192579	50422246	0.43591851005243	1133	0.0785651945246698	0.985298705255271	62348	0.441749399333638	3	2	1	-6.80139759380729
chr11	54591999	134882196	0.423528080182461	2149	0.0777352356042366	1.00259582527966	126372	0.440600151971207	3	2	1	-6.73950594092165
chr12	12496	34622936	0.245709366154961	1168	0.0969614736118417	1.01822569489895	48945	0.461867186986866	3	3	0	-6.76616108422861
chr12	37576363	40482579	0.22909059994813	103	0.0800753119711903	1.04087125079028	3106	0.416123483490341	3	3	0	-6.78986414320531
chr12	40483015	40491079	0.254618497075406	30	0.0453833733289257	0.406230731478396	766	0.0888308457441276	3	3	0	-7.19951531816871
chr12	40499264	133219447	0.242914406680169	2168	0.0868125052408591	1.01648584196962	136697	0.451954824337016	3	3	0	-6.80989061914314
chr13	18171311	114299210	0.433757256640787	1522	0.0844600473775456	1.00527977261944	66578	0.509901758736731	3	2	1	-6.76388985077726
chr14	18330620	104941693	0.245144576112653	1991	0.0870417695597336	1.01651339782082	106163	0.453368837371796	3	3	0	-6.80281697639416
chr14	104941845	104952054	0.210338952000084	37	0.0582762655214207	0.57619739155963	621	0.151463036191667	4	4	0	-6.86576409653872
chr14	104954590	106791155	0.272655676201295	153	0.106518797467707	0.864530850297355	5976	0.495864574114011	2	2	0	-6.77839334642453
chr15	20011061	20301361	0.498692250979544	147	0.12474266382358	1.47359254848847	1420	0.83911014654284	6	3	3	-6.73317278701916
chr15	20301371	22370513	0.312821386927286	118	0.127378076388709	1.32974270572192	1988	0.850911771983498	5	4	1	-6.73304505841776
chr15	22371869	72752234	0.498920170994024	1531	0.0790724057992385	1.2717096738279	89692	0.624456450584535	5	3	2	-7.24282608415148
chr15	72756188	73236596	0.497853777351134	9	0.173622035211868	1.32348609569992	245	0.815067140727854	6	3	3	-6.73990303657303
chr15	73249172	101976613	0.477178987144103	1191	0.0808520399016461	1.27593527818486	46084	0.643002158107564	5	3	2	-6.95344254533309
chr16	14458	3485116	0.301046150753373	536	0.0837518222851654	0.833270919745959	20287	0.323266775506294	2	2	0	-6.73312335670128
chr16	3501170	36100909	0.432397616694432	866	0.0851997780590614	1.02135094005975	56109	0.468350995888556	3	2	1	-6.79334311592529
chr16	46386441	90095474	0.417104338080606	1302	0.087397762032165	1.00884316619972	68300	0.461479225201822	3	2	1	-6.74280387545188
chr17	118327	21295575	0.265707795199581	1159	0.0908988711432918	0.94185924197902	58260	0.394339311444496	3	3	0	-7.02967576437645
chr17	21295660	21443711	0.499030607956872	146	0.0896385646476065	0.838200422470895	464	0.421260025413868	2	1	1	-6.73311748857119
chr17	21443773	22205050	0.302985574470152	62	0.0890935906818313	1.05667899494711	519	0.470024085079345	2	2	0	-6.84817034706423
chr17	26603729	46082684	0.498972003725836	969	0.0761815320409143	1.12824842309251	63647	0.495103937715756	4	2	2	-6.78579630880307
chr17	46143576	46704913	0.498602401559936	73	0.123589972710743	1.2479430186682	782	1.01609692447172	4	2	2	-6.73459024767735
chr17	46710944	83085163	0.477367727168337	1510	0.0733737826728783	1.14072144629554	83650	0.511705123026696	4	2	2	-6.83105521941315
chr18	49125	15209008	0.49885478132123	432	0.0980555154708171	1.38194557807649	18744	0.792594123169703	6	3	3	-6.82861930035252
chr18	21340155	29168394	0.437277270088398	85	0.0675023850600519	1.30743336753511	7900	0.911990644231738	5	3	2	-6.73518526362661
chr18	31006998	67512592	0.285687750989586	446	0.0891811184610183	0.833371933126862	24313	0.367370007738159	2	2	0	-6.74844707948444
chr18	68180529	80160338	0.441919570720504	132	0.0931361955080694	1.30120544750551	7812	0.682631636775789	5	3	2	-6.74346448096775
chr19	282735	23197660	0.41227011791614	2261	0.0796718581271692	1.01455602839636	99772	0.471245343643228	3	2	1	-6.7479458504301
chr19	29526852	58599162	0.423524477411457	2603	0.0825258795222212	0.995737248679911	117580	0.463788387203433	3	2	1	-6.73857773257273
chr20	96321	26081640	0.311898086229906	648	0.0891207632636329	1.33266556591987	30389	0.660735067160294	5	4	1	-6.73306268830844
chr20	28580685	29302489	0.498762091883947	64	0.120322836857533	2.23467035925856	273	1.00739525265999	10	5	5	-6.73350354469223
chr20	29303206	64302540	0.305290345957099	1331	0.0923781209178639	1.33900299183825	66520	0.677867367117435	5	4	1	-6.73754610484849
chr21	5034010	13051771	0.49868860170665	394	0.13263162687721	1.16049101590556	2794	0.714102157677001	4	2	2	-6.73334368929589
chr21	13373642	46663614	0.434540926021511	757	0.0839878846396206	1.00228827956917	33947	0.481054299056283	3	2	1	-6.76057597505989
chr22	10678964	12693738	0.407822883274409	314	0.120465988791635	1.36846641948628	1447	0.789186628044769	6	4	2	-6.76408149416485
chr22	15528913	50744827	0.248785620521588	1798	0.09120432845951	1.0157456680674	78460	0.468247305650168	3	3	0	-6.75688113839809
chrX	284193	7843545	0.498868181926262	175	0.111445604188497	0.72180331309322	4087	0.435763960740825	2	1	1	-7.18900120649463
chrX	8465499	49590576	0.497986698826387	9	0.163554102499584	0.831934692792663	25436	0.352066208244153	2	1	1	-6.73361420616503
chrX	90714112	156025116	0.427994459472627	42	0.164110223646263	0.81652566264867	36162	0.338989190887257	2	1	1	-6.98331082103903
chrY	9468442	11986761	0.26679866125324	118	0.129400309499274	1.23086462603318	1101	0.677999547201995	5	4	1	-6.82784278891439
chrY	26403296	56886905	0.470378261763015	108	0.13205361827564	1.38649877202023	499	0.603566798799131	5	3	2	-6.84618809898086
