chromosome	start.pos	end.pos	Bf	N.BAF	sd.BAF	depth.ratio	N.ratio	sd.ratio	CNt	A	B	LPP
chr1	182686	2629500	0.132240358668175	127	0.0807919625170046	0.828771302054694	9365	0.38110784634105	2	2	0	-6.90156907529983
chr1	2632573	2748508	0.300252718253448	20	0.166345360462408	0.373798707322111	123	0.632290107641457	1	1	0	-6.89423606621959
chr1	2783827	12828908	0.128754823607149	282	0.0733663633279172	0.844314274916686	17449	0.318201851813955	2	2	0	-7.36909268587404
chr1	12838056	13105676	0.410278463939849	91	0.106472489238258	0.762632293747237	647	0.286384275149926	2	1	1	-7.21498607006753
chr1	13115357	13322125	0.498397396805796	56	0.164038766403301	0.706318229736	544	0.224384205043851	2	1	1	-6.92650813788675
chr1	13344021	16576166	0.123684093695021	180	0.091626823235277	0.781462999347919	6215	0.335115364029881	2	2	0	-7.29759850651759
chr1	16576232	16869040	0.486663322171615	109	0.152150358975336	0.658606527036186	1743	0.33404342036288	2	1	1	-6.92944531551092
chr1	16922005	110951572	0.138133735401625	1460	0.0775970462320149	0.845417758371252	109386	0.320010931386578	2	2	0	-10.0575305929033
chr1	111198073	115050346	0.000600836191297471	64	0.0913802397364207	1.28370548741487	7036	0.535383358348663	3	3	0	-7.45355440298042
chr1	115062060	120810372	0.34913061936043	75	0.108290397035425	1.03015026177862	6838	0.41758023367713	3	2	1	-7.52631818257305
chr1	120829841	124450920	0.497742291753383	9	0.196878417077929	0.587041491619253	436	0.476892927903289	1	1	0	-7.71807176065005
chr1	125079931	143267087	0.00400883261493989	41	0.150203114514167	0.00750012191028987	218	0.102518733239501	2	2	0	-34.2093625033771
chr1	143267121	144104599	0.497735085362387	9	0.186875478446062	0.699149198195141	615	0.340005015135841	2	1	1	-7.08926078240534
chr1	144964993	155216951	0.498884854156148	465	0.100551324662387	1.29548462836878	35500	0.553007512647461	4	2	2	-7.54082560305839
chr1	155287693	156173173	0.49837230736359	10	0.224248002592368	1.446650511047	5011	0.509659481371689	4	2	2	-6.75523123917004
chr1	156181635	232036628	0.498931478217774	1533	0.08269121490466	1.32389868180087	113012	0.517172059789477	3	2	1	-8.19401792255705
chr1	232332759	248911696	0.448460756642697	363	0.115206506360549	1.43563841093452	22200	0.54629831182869	4	2	2	-7.2418302095668
chr2	218964	89828653	0.359865657128095	1049	0.0956345375858104	1.06736735156261	84888	0.406995360160152	2	1	1	-10.8682885950844
chr2	89828676	89831882	0.000652363318434879	10	0	0.00675478794427624	21	0.00606080302710238	0	0	0	-Inf
chr2	89851838	90121783	0.371325104389822	10	0.050465499766342	0.729196084123875	514	0.253306636291153	3	2	1	-7.4294076347332
chr2	90154172	90359552	0.330894533721217	12	0.106966434837374	0.722257493966386	307	0.347276243341053	3	2	1	-7.11916139800917
chr2	90381552	91442345	0.00645058667171894	25	0.1	0.00816217754433331	106	0.00885164235196181	3	3	0	-40.7125715653838
chr2	91443422	91963663	0.498513162796875	46	0.13479805794269	0.734505657288699	639	0.609456107017362	2	1	1	-6.78337750508582
chr2	93590044	94216530	0.498665241065726	10	0.216020292256692	0.610417532895169	135	0.436224060370094	2	1	1	-7.07873542350143
chr2	94258328	95939051	0.484642345173334	40	0.0770052903610508	0.998533933182386	2444	0.41371053577358	2	1	1	-6.77898201444339
chr2	95939110	95948464	0.498486073338093	31	0.174589607888888	0.41539966143039	68	0.323332727508039	0	0	0	-6.74263350177601
chr2	95950600	95951483	0.00424830209929383	24	0.0309831358991456	0.647648306929954	50	0.217267615476154	20	20	0	-6.93968784449747
chr2	95953864	97167846	0.335741663424426	59	0.128056223040887	1.07550644305491	5008	0.392390592922908	3	2	1	-6.90398145221752
chr2	97195001	158847781	0.475042536197434	623	0.0974991796221544	1.09568042635854	46514	0.461000034809101	2	1	1	-9.37544949757343
chr2	158847949	158884301	0.0190197643863161	9	0.151666666666667	0.846807146784471	99	0.376261384078448	5	5	0	-6.9045579585592
chr2	158884988	216864500	0.375531615941631	675	0.0920983910286669	1.1384113711561	64197	0.455441161340715	3	2	1	-8.31312561296968
chr2	217760858	241875962	0.498925736539107	719	0.0773849354163735	1.39919890762271	47913	0.526875339679705	4	2	2	-7.58692170444589
chr3	197562	50379070	0.474874061254614	727	0.0755124244367198	0.840556133481234	58878	0.295345245564142	2	1	1	-9.43924766308858
chr3	51348990	75666168	0.416719979087313	293	0.0871544584132141	1.10980362357056	26083	0.405228677406285	3	2	1	-8.22881278338468
chr3	75667810	75708333	0.455611352045975	34	0.157868715058734	0.133468517908461	143	0.0709910441967921	0	0	0	-8.57281855655468
chr3	75731921	75737101	0.0645575284086864	12	0.0952719790914412	0.975739597275735	44	0.140696440509677	4	4	0	-6.79868704500202
chr3	75737289	90542715	0.498613774984463	55	0.132076607705643	0.961304461345064	2776	0.352793949589219	2	1	1	-6.77217058123204
chr3	91483878	93874275	0.320857842425838	9	0.169664947600983	0.184639251815712	51	0.634081934459454	0	0	0	-7.83215516135266
chr3	93886282	194755782	0.355509531593783	1234	0.0886202013917873	1.07937360236257	89438	0.408560602006328	3	2	1	-11.1015657087853
chr3	194991046	195780069	0.492493416195188	83	0.140345343552787	0.911222759860982	1672	0.407094144991097	2	1	1	-6.7373205607605
chr3	195780075	195864004	0.29763456803586	97	0.0960325342655136	0.479993884977208	2114	0.19501263322397	1	1	0	-7.13042280005101
chr3	195867767	198155635	0.38384077369162	93	0.114161219383905	1.09842091992821	4687	0.390151427467399	3	2	1	-6.93192483692878
chr4	295483	657580	0.000641514872488397	9	0.217424699608853	0.759116001311156	776	0.31415076626115	2	2	0	-7.08445089356132
chr4	662092	49030857	0.498894898800276	503	0.0687483590437114	0.800205206179162	33307	0.300370298001112	2	1	1	-10.6929212512667
chr4	49092775	49103327	0.497884857704423	9	0.263523138347365	0.00861192150438226	35	0.0133983568539786	0	0	0	-21.5843323600405
chr4	49103636	49144074	0.0100641193336659	56	0.138449079907642	0.00686789607654781	149	0.00679265883432569	2	2	0	-32.3121118596752
chr4	49147308	49149459	0.497849827579277	11	0.235678710420467	0.00168608846378824	18	0.00208088090948933	0	0	0	-30.2874667655513
chr4	49149730	49711444	0.0281577428074058	75	0.134579374080607	0.0231042391836382	318	0.0763420508868286	1	1	0	-23.7928852854735
chr4	49711477	49711888	0.392586060474618	15	0.179492883530504	0.0052879852509062	28	0.00198239607038911	0	0	0	-24.3007767088357
chr4	51860656	159356124	0.498902607624471	834	0.080693743220622	0.806568936352395	61796	0.288227878257268	2	1	1	-12.5628165363729
chr4	164929536	188106856	0.13075403414725	175	0.0785257457283936	0.800187290060283	10886	0.285652261331317	2	2	0	-9.44560239766444
chr4	188270847	190115233	0.498113787765846	17	0.179697703674483	0.568957962024039	383	0.331547171469392	1	1	0	-7.91284606954825
chr4	190177765	190179606	0.249539311161105	18	0.128549486923267	0.0033914034178105	35	0.00206897855689893	1	1	0	-29.9947019686699
chr5	163151	10638068	0.10359393387397	258	0.0705802064646758	1.02657949709483	8566	0.412223589726718	2	2	0	-7.21328567440622
chr5	10638252	39342206	0.144913227506543	176	0.0898302345480687	0.747258919290307	13553	0.286005248866555	2	2	0	-11.3509071798868
chr5	39719344	47297905	0.0383808460967837	78	0.0476786281446056	2.55345287928454	6925	1.73964674604559	8	8	0	-6.77922036514425
chr5	49599511	49600692	0.0107090741559857	24	0.0679733403622332	0.00210353544414981	45	0.00116688309680797	5	5	0	-34.1539992622813
chr5	49600765	49601823	0.00524266182878452	9	0.224922826271096	0.00283746551326437	20	0.00125236618152662	1	1	0	-32.048604943713
chr5	49601846	49658497	0.049128533245844	42	0.155667259198996	0.00379771495835992	89	0.00400232950553658	1	1	0	-36.840668473882
chr5	49658498	49659893	0.491410178109856	11	0.189659743176611	0.00297866927386453	29	0.00217803635519062	0	0	0	-28.0049037017162
chr5	49660030	49830237	0.0296211342655623	29	0.144787903313132	0.0030018156943254	66	0.004525426740042	2	2	0	-39.8301052720021
chr5	50633163	181283430	0.106869345730009	1619	0.0652166717671852	1.01661587551804	118836	0.393190609180913	2	2	0	-9.10832901048922
chr6	292833	29877108	0.364629148330751	505	0.0864279790361334	0.986354556239359	25856	0.384206187559862	2	1	1	-8.20847025716371
chr6	29942781	29945672	0.0976698510096459	9	0.0452358019468847	1.17685671984988	88	0.470912687804231	14	13	1	-6.7510803629916
chr6	29957504	32366447	0.414196582178213	325	0.0807401400693828	1.07535570350384	16946	0.455160387315557	3	2	1	-7.10653770675219
chr6	32366464	32742619	0.493623206774315	151	0.106916177272069	0.803115948594298	948	0.318232237520725	2	1	1	-6.78913085056739
chr6	32745253	60544763	0.370198273664718	537	0.0955091419300961	1.13169566573313	44168	0.415346465812297	3	2	1	-7.83180101392385
chr6	61322946	157184284	0.357246394263267	888	0.0970832499860914	1.09063990065605	64649	0.410176959381157	3	2	1	-10.6716653616636
chr6	157310757	157314308	0.00880570114692791	17	0.121267812518166	0.014535271162186	43	0.00938401836445623	2	2	0	-22.2567773041979
chr6	157323556	170561964	0.360430009944031	229	0.0954133507439684	1.0571051322079	12944	0.402969008944427	3	2	1	-8.07197529846918
chr7	159865	57148305	0.487236371584123	903	0.0942313166867067	1.12916874327893	54045	0.44675728468444	3	2	1	-9.340568441697
chr7	57148306	58091475	0.497946895505691	9	0.219405889721412	0.849364912077553	287	0.402569807204016	2	1	1	-6.76802586667773
chr7	60957564	62275246	0.339249207684962	21	0.123823376514407	0.514520309260699	52	0.299884927025374	1	1	0	-7.4313402484315
chr7	63096280	64852329	0.450120700253113	57	0.119970461590074	0.882786392265916	1788	0.352873228958594	2	1	1	-6.86706750263218
chr7	64949276	66729451	0.384908496171212	17	0.161969427943162	1.0501313063091	1910	0.439305354463436	3	2	1	-6.93609185224676
chr7	66880783	100949552	0.433952156919136	521	0.0888097046634188	1.13546156789959	40505	0.456499593052636	3	2	1	-8.09749347892749
chr7	100949579	100949765	0.077220299138556	16	0.0320608146080747	1.59290406917025	20	0.187176942743322	17	16	1	-6.74049784740491
chr7	100951952	100972000	0.334711646856886	295	0.0858407248762098	0.800226173108653	1530	0.24873654909528	3	2	1	-6.86880568214735
chr7	100972030	101000595	0.2408095431821	15	0.108464916425718	0.567287121472511	707	0.214772618964342	1	1	0	-6.7476539332157
chr7	101000808	142257833	0.418783897095899	494	0.0940521834454842	1.09286216398178	44333	0.434164635037124	3	2	1	-8.99425166699793
chr7	142308504	142773692	0.248538083985453	165	0.110105963207161	0.984458092819015	2329	0.327575460758804	2	2	0	-7.22736507680919
chr7	142773737	152273771	0.408012387958561	250	0.105940495611649	1.15105551489743	17648	0.440927446148161	3	2	1	-7.09400401157309
chr7	152379862	152407516	0.375411839097873	26	0.170408093885057	0.0878784686691549	89	0.0509215032110676	0	0	0	-10.9856387110369
chr7	152442769	158151386	0.498745394035602	95	0.0978348815798915	1.12473953745016	3530	0.471588592974737	2	1	1	-7.19705588854626
chr7	158151423	159109734	0.498220431538696	20	0.167137345034744	0.956880529362903	1225	0.414328421489131	2	1	1	-6.73428914327666
chr8	266437	1844426	0.259476986373114	22	0.183369596964462	0.43001583390116	490	0.20622906834357	1	1	0	-8.63289218667631
chr8	1858063	4994265	0.251029863152296	35	0.0999926720004097	0.464599248541138	1332	0.15953484650946	1	1	0	-9.78961483964224
chr8	6532368	10616600	0.3132804988332	114	0.0990870690060854	1.07402495010835	3006	0.487043105251487	3	2	1	-7.19988410144718
chr8	10725693	12016376	0.0202674275430621	209	0.0332359317954435	12.3906459939894	9931	7.36934812017186	20	20	0	-6.73804568819229
chr8	12034396	12588079	0.498731067974742	65	0.132886008842744	0.578590748588358	818	0.514696968587891	2	1	1	-7.01358590225233
chr8	12676259	42982569	0.496411773238746	515	0.104773689202738	1.27187576898544	33616	0.57783171738594	3	2	1	-7.51029790753867
chr8	47933835	56166374	0.389511008479423	46	0.0716821486479208	1.00202318235035	4090	0.387851296368001	2	1	1	-8.03480028998621
chr8	56274685	57215237	0.497583350202158	9	0.155666666666667	0.849550924644699	405	0.53697340752244	2	1	1	-6.752724735585
chr8	58416879	144111231	0.39396271390437	875	0.0939360052589761	1.05672073402556	57323	0.411725915484955	2	1	1	-10.0534173534391
chr8	144125721	144125966	0.0141939225945178	12	0.144337567297406	0.0202934273243766	16	0.00663293549895771	1	1	0	-15.6810020551755
chr8	144192265	144946362	0.413920381356754	58	0.120947735859078	1.14875634848002	5574	0.413288501618472	3	2	1	-6.84219133123622
chr9	12704	29825927	0.149821752479966	286	0.0788804446560431	0.758128208031247	14207	0.287103988823559	2	2	0	-11.1192198622588
chr9	29826458	30774541	0.499144693474443	21	0.0774210196633594	0.558137053643275	87	0.148022769114834	2	1	1	-10.3527779787777
chr9	31254644	40883932	0.15404313859481	222	0.096510560606965	0.805303260763614	14104	0.302134185254518	2	2	0	-7.95014384025473
chr9	40927440	40998559	0.183130612987087	14	0.158298386349574	0.140849763174256	37	0.0814500344266846	0	0	0	-10.4740710318334
chr9	40998571	41224470	0.0487216484506338	18	0.11792626753681	0.749502649764025	193	0.44988704588899	3	3	0	-7.05807124684808
chr9	41229695	41807536	0.0800697588229731	31	0.148996687557898	0.0853629005333398	86	0.157710082242828	0	0	0	-15.5305175135145
chr9	41831022	43119872	0.44620627384435	22	0.113880700089233	0.680815992008022	459	0.332825226163609	2	1	1	-7.51070275050601
chr9	61192988	62845047	0.0557621066866599	53	0.161017181244808	0.164124159343979	197	0.295641466075508	0	0	0	-11.5413577082321
chr9	62850228	63762568	0.498768157102137	20	0.124628753968695	0.627277110002805	291	0.23051300938077	2	1	1	-8.06501501197144
chr9	63771180	63823649	0.310016189864042	42	0.198050774235744	0.0495757456692303	94	0.0789775285219728	0	0	0	-12.5554108486609
chr9	63837789	68259507	0.494824666309567	22	0.180171515206414	0.610968997311668	692	0.296782537776698	1	1	0	-7.84837243590088
chr9	68303626	133155959	0.140252332003323	861	0.0696488250316969	0.796713032578696	67844	0.307842673704033	2	2	0	-11.3757176027599
chr9	133205746	133208307	0.339891798247916	10	0.0651821379759142	0.795109948719553	81	0.232822391640887	6	4	2	-6.78943032596826
chr9	133255963	138177422	0.139320364283612	335	0.0801367829222036	0.814387574550629	18025	0.306090000155611	2	2	0	-7.31526512002349
chr10	47876	37219522	0.496741019072155	582	0.0914534138168637	1.29714310273959	32979	0.507094525197085	3	2	1	-7.7534705526524
chr10	38527337	38527987	-0.00319841251747544	9	0	0.0152775045403852	16	0.00322425702035885	0	0	0	-Inf
chr10	38527997	40128299	0.196492666771034	29	0.176286481742986	0.716362945457324	237	0.595790281535657	1	1	0	-6.82374752250987
chr10	41584204	41865361	0.000385487675081508	23	0	0.026634506652204	54	0.118949025720165	0	0	0	-Inf
chr10	41869434	41888342	0.00248561977706774	29	0.128940357388782	0.00565170234419242	70	0.00600420832402938	2	2	0	-31.1394026112529
chr10	41890260	42083598	0.00703954906736559	41	0.178919521355137	0.0111728700561471	135	0.00803580296879122	1	1	0	-35.0036533242936
chr10	42149013	42263123	0.130665418302985	15	0.161939347846508	0.529291621248403	61	0.567009542040544	2	2	0	-6.80691136642405
chr10	42263145	125742092	0.371379192791401	1333	0.0897625316182935	1.08494146484267	94078	0.430421733357646	3	2	1	-10.3042597874548
chr10	125895919	125910715	0.144276893060124	26	0.138067252286146	0.685451268962765	66	0.582038377967101	2	2	0	-6.73564099403368
chr10	125997307	133626825	0.394338630471732	243	0.0902210163203241	1.05167169404309	8476	0.397699615330014	3	2	1	-7.68038587914704
chr10	133626829	133689420	0.456226138115635	9	0.21650635094611	0.0246931193530423	17	0.368837551919381	0	0	0	-8.03366520640748
chr11	180318	1094450	0.332019180357461	196	0.079380673590067	1.1302386524749	7977	0.423839784578457	3	2	1	-6.90305011796228
chr11	1094871	1099674	0.330608157907679	35	0.0999963192599918	0.358859911524215	472	0.157420178269939	3	2	1	-7.00094714800399
chr11	1099861	49911350	0.35904118659502	1089	0.0839577869362854	1.03591918787523	63529	0.404532880713872	2	1	1	-9.43819603876506
chr11	54603089	134773435	0.376582001307027	1667	0.089122938260005	1.09231136128792	126753	0.414275600419627	3	2	1	-10.2029354638296
chr12	12332	125625	0.49824381295836	21	0.185682383706822	0.920284761216434	214	0.441907194339018	2	1	1	-6.73322449204481
chr12	139036	11022154	0.471766757819684	381	0.0891411357210297	0.840041069101847	22297	0.311117737967057	2	1	1	-7.53060662785806
chr12	11030216	11353815	0.290615557876288	53	0.129691702088881	0.751649064928532	559	0.325160259585928	1	1	0	-6.96811922717375
chr12	11393752	32821311	0.498847086748045	307	0.0966622228101591	0.824555276562124	16207	0.308464296557336	2	1	1	-8.43049253138974
chr12	32869000	34209553	0.264536381548585	9	0.106731490719052	0.801346266315625	344	0.333848885733235	1	1	0	-7.33329116713327
chr12	37814008	40446640	0.499313310787786	36	0.067874931669994	0.797518481808945	1958	0.299804824282974	2	1	1	-7.16859662957887
chr12	40486444	40490956	0.308953409495784	23	0.0898475872397602	0.220795606680597	390	0.0684378200406579	1	1	0	-7.7553217140824
chr12	40513563	40514478	0.324740983595995	27	0.0768675369295663	0.707525874286733	50	0.188333611943687	10	7	3	-6.78321584725526
chr12	40563573	133048702	0.498915423155525	1517	0.0856496602573553	0.836533026946491	113008	0.318528841495446	2	1	1	-10.4344389646157
chr13	16133699	16133704	0	1	NA	0.025	1	NA	NA	NA	NA	NA
chr13	18024254	19494772	0.335667802860518	122	0.122085619641444	0.770154430070136	1652	0.392398965644027	1	1	0	-7.50480096572243
chr13	19560263	28215960	0.393743800393157	185	0.0976869135490057	1.03603058722769	9349	0.396537697547578	2	1	1	-7.67368906670807
chr13	28277195	33821334	0.178251822791101	148	0.0641726418709671	2.02427727809653	10047	0.770228256186572	6	5	1	-6.92201072046919
chr13	34181528	39751173	0.284085124573831	51	0.110280608218397	1.36754285021106	4698	0.479337730280964	4	3	1	-7.08965199546865
chr13	40621445	42574429	0.105921666682587	45	0.0609025301758324	3.10227945385187	5516	1.26353573312972	11	10	1	-6.8029429617276
chr13	42888216	52135922	0.190075728844514	176	0.0837157000899977	2.07692534647053	13162	0.899828181173477	6	5	1	-6.81127600761841
chr13	52136000	114281989	0.379499434892883	416	0.0959694759249741	1.06563110967431	26750	0.420627523316176	2	1	1	-9.81553496380887
chr14	16099025	16103506	-0.000862595890242068	10	0	0.0197201541688114	17	0.00483172725174902	0	0	0	-Inf
chr14	18347186	19690477	0.330119356562546	46	0.102024959056749	0.706144479672918	779	0.594648597184426	1	1	0	-7.36580160101352
chr14	19747342	91278005	0.359464922206445	1071	0.0870514725608601	1.04445943900549	76622	0.403515359789171	2	1	1	-10.064161771812
chr14	91293363	91313050	0.0271764509914268	12	0.172059252479012	1.10986243786582	134	0.568740349227099	7	7	0	-6.7722296904492
chr14	91339080	101797127	0.360232360903908	171	0.0904455945458673	1.07056901071394	11982	0.400733319268644	3	2	1	-7.72300051434399
chr14	101856756	104941461	0.296519374543021	187	0.0809034426271404	1.35141582511794	10089	0.511836293125564	4	3	1	-6.93754772770676
chr14	104941693	106874951	0.284107903907449	327	0.102285182916702	0.968078977582646	8747	0.449451283314413	3	2	1	-7.52115156225907
chr15	17081965	17083049	0.00311012388810972	6	0	0.0166982501436295	13	0.00254447616895089	0	0	0	-Inf
chr15	19563712	21294424	0.498523590820256	86	0.162216445650243	0.52867023034204	1060	0.339276715102322	1	1	0	-8.24743754151735
chr15	21422250	30801222	0.151609297831886	122	0.121844568899599	0.775667417635945	7464	0.373062978902838	2	2	0	-7.93547516829141
chr15	30815533	76259511	0.146851479383026	752	0.083104772980043	0.804710369870122	64584	0.297099749348976	2	2	0	-10.4507048455551
chr15	76260028	76261048	0.499292229089435	9	0.0727886972300264	1.33740980683911	58	0.27517177828042	4	2	2	-6.73335658142568
chr15	76261158	88032954	0.143212440200759	273	0.0935473871036231	0.795290378281474	13439	0.297108169346322	2	2	0	-8.38786279209435
chr15	88126151	100491012	0.498792163918106	209	0.0968082117772089	1.2104212625224	13597	0.537051648991187	3	2	1	-7.7177022697019
chr15	100501691	101876287	0.139949121720831	57	0.102495543640518	0.788606938406098	2102	0.287894207315566	2	2	0	-7.02330156566864
chr16	16888	32066259	0.390957090958936	975	0.096974479102597	1.09812940816555	77920	0.435763100564452	3	2	1	-8.41137963108195
chr16	32116792	34015739	0.388612423110949	22	0.157324250875127	0.725520105715574	909	0.464581232785319	2	1	1	-7.3517653620482
chr16	34062826	34268594	0.486468038031472	45	0.185087988903558	0.300993220908337	164	0.439698006689407	0	0	0	-6.74263278690005
chr16	34571817	34595692	0.315047458144487	70	0.177459163937579	0.00322254502989246	278	0.00374698625315761	0	0	0	-33.7505504656347
chr16	34595695	36101427	0.228321386027729	9	0.133978957717662	0.692901426029553	246	0.397921901389092	1	1	0	-6.83503606402118
chr16	46383753	46401545	0.491356311414905	62	0.193038332956129	0.00232372584737674	270	0.00218068574869753	0	0	0	-35.9540082672967
chr16	46663186	90106346	0.393809211943874	1002	0.0930894731463659	1.10855522201717	67687	0.421838548198457	3	2	1	-8.74359247787982
chr17	137603	21214276	0.199355699242231	749	0.0880662455886979	0.551610800846637	42896	0.212144504695893	1	1	0	-8.57639989592797
chr17	21295565	21416729	0.385112973588439	133	0.100367088249767	0.411651395645625	383	0.205441966659696	0	0	0	-7.71183914866705
chr17	21657068	21666909	0.0169073913637282	17	0.0807643631370989	0.130578459542455	46	0.162592013339931	5	5	0	-8.28279133697534
chr17	21667207	21782912	0.385984648397345	14	0.139071489245205	0.361295075973828	117	0.186711563455741	0	0	0	-7.26653849291118
chr17	21848615	22044365	0.0998306357098731	13	0.145002210416397	0.0153626833813179	36	0.090566098811687	1	1	0	-19.6920566912219
chr17	22044367	22145769	0.203204817363276	9	0.146003805125452	0.396656469321589	38	0.209693139277441	1	1	0	-6.98428592739159
chr17	25074386	26940734	0.020226500686123	25	0.192913348423586	0.00860421942371477	112	0.0903125543023087	1	1	0	-27.5030306905245
chr17	26952458	26963418	0.240859182179675	10	0.17947952529467	0.179826198154314	15	0.042729715321174	0	0	0	-8.34223389967649
chr17	26982296	82327209	0.357399437102589	1960	0.093547851636927	1.08782933348588	137784	0.41890135049543	3	2	1	-9.54872695905222
chr17	82359784	82360120	0.09356210089893	10	0.193167285014829	0.0244065028388026	18	0.0140871470645515	1	1	0	-11.5051437137323
chr17	82362201	83094678	0.358804705153282	68	0.0956289379134883	1.0405633499102	2441	0.427496699021282	3	2	1	-6.83555723847951
chr18	47650	84841	0.498704904258768	15	0.115130154090718	0.53954725319074	78	0.201227414536321	2	1	1	-6.89769494493468
chr18	107892	110627	0.406680618418874	25	0.186807539105537	0.00286419014855022	61	0.00117905213388816	0	0	0	-33.9014918131537
chr18	112164	15409565	0.231375606871726	235	0.104650835723908	0.506373816577044	10033	0.193049590810047	1	1	0	-10.6042765954857
chr18	21449554	80159596	0.144377170248221	517	0.0694052271533297	0.788367917315967	31789	0.291161852698302	2	2	0	-11.6989523766407
chr19	311911	7166098	0.142839008839226	576	0.0748460884517136	0.799122179338187	28453	0.323020728342489	2	2	0	-7.61562973318163
chr19	7450830	7451091	-0.00298151111405176	15	0	0.108354428717303	20	0.135487851465498	0	0	0	-Inf
chr19	7528685	20625709	0.140726110083334	840	0.0718365882980145	0.795313832140203	54279	0.309229321556182	2	2	0	-8.42353322449044
chr19	20661246	24163431	0.171178460446955	148	0.104288484607339	0.578168919636849	4328	0.30747913625576	1	1	0	-6.93519932040346
chr19	27392127	29606361	0.0909655893784516	9	0.231172554599373	0.729971578711873	169	0.398277751362295	1	1	0	-7.20627065917016
chr19	29610429	39877640	0.141252929895452	411	0.0706463128072747	0.794778257097015	24976	0.300407137741831	2	2	0	-8.20545847471852
chr19	39877755	39913651	0.348205159909475	64	0.134915831161565	0.62323225158067	410	0.235908481645082	3	2	1	-6.93817333770987
chr19	39914180	46023040	0.1376750678734	346	0.0793578626819016	0.779191572149028	24911	0.335161970290267	2	2	0	-7.70121996114597
chr19	46039991	49805616	0.0982152058308942	276	0.0743440199813198	1.17819925845514	19009	0.465838789328919	3	3	0	-6.80232509757178
chr19	49819348	49819400	0.37046409625972	9	0.0846199017830781	0.398718320244816	10	0.147986335705549	3	2	1	-6.73512603966747
chr19	49830061	54726150	0.107675699105262	516	0.0779409584280137	1.016243734727	23669	0.428960682495393	2	2	0	-6.96570760286325
chr19	54726404	54786332	0.191488259760672	47	0.121563762615051	0.548967438106206	617	0.45588346150318	1	1	0	-6.7794361104566
chr19	54788321	58571238	0.101834126764785	478	0.0695832514767882	1.00802059816056	19636	0.384783158241238	2	2	0	-7.03162106219171
chr20	65146	25686006	0.498893224880815	509	0.0936514516045358	1.37786089920808	29884	0.551359373596476	4	2	2	-7.73114585519249
chr20	25774829	26230720	0.277196423246638	20	0.102665258306585	1.16436546023721	175	0.680023916559996	4	3	1	-6.80663514445714
chr20	28531207	28564875	0.084007617303297	9	0.0652305739494739	0.131480789614186	22	0.282904585203217	3	3	0	-7.88695894133504
chr20	28564919	28641144	0.228666043736758	10	0.146409471460467	0.809938426409758	61	0.596334986267781	1	1	0	-6.74429131065844
chr20	28782434	28889693	0.0181860486066341	13	0.138675049056307	0.0177949963789885	33	0.00576644552036989	1	1	0	-34.8073583833763
chr20	29062600	29091640	0.255032032168515	17	0.19080545219735	0.150949720734437	53	0.250535184774254	1	1	0	-7.24107267051027
chr20	29091765	29094522	0.499104090317718	9	0.0903908181177712	0.939702340613055	31	0.413577551854364	2	1	1	-6.73308867136092
chr20	29113845	29123359	0.235068405919301	9	0.1	0.0506039691440307	25	0.090177362273836	1	1	0	-9.4175284750369
chr20	29123364	29327585	0.328698747696398	19	0.162219438412388	0.365047287036131	53	0.409183754201541	1	1	0	-7.15151350401682
chr20	29330590	29416317	0.156513252589364	46	0.133794068093488	0.382531155195815	165	0.407833660369853	1	1	0	-6.95001234592362
chr20	29416410	29416985	0.498993900561658	9	0.122219065615803	1.08121419313847	29	0.388721613254058	2	1	1	-6.73311578907805
chr20	29494901	29800254	0.0481350447073988	51	0.153989138909083	0.32984692205714	117	0.456223999699229	1	1	0	-7.74272933582728
chr20	29800263	29877924	0.485405231049775	18	0.208509995685228	0.0304862602529157	37	0.0150896221522176	0	0	0	-24.1155891023156
chr20	29878009	30283951	0.00462906174355859	30	0.107920687139416	0.258349482018008	74	0.567848571526879	2	2	0	-8.65789449261107
chr20	30283954	30384538	0.498004859013501	9	0.263523138347365	0.602206699385514	31	1.08025371770879	2	1	1	-6.74325188234804
chr20	30388427	30723884	0.357062331825838	28	0.152185785234736	1.16185385256082	316	0.4963184645001	3	2	1	-6.74345737405555
chr20	30812220	30918168	0.0617419701555689	78	0.158392615398322	0.256910336601522	179	0.63901553688517	2	2	0	-7.14512733390795
chr20	30922224	31065034	0.00281304860048059	63	0.122902264901303	0.0102004469717182	152	0.00600708307373245	2	2	0	-36.5208991882249
chr20	31065037	31066945	0.498480059316871	10	0.263523138347365	0.012638838637655	23	0.00419580064862524	0	0	0	-22.7067037979307
chr20	31067330	31075173	0.0146712381470385	21	0.0726665574485855	0.00877221721271776	58	0.00558996703008695	4	4	0	-28.8987539225054
chr20	31274572	47663405	0.498911337869909	402	0.0837514395044157	1.37129717449135	37980	0.535608681446851	4	2	2	-7.48424084987621
chr20	47663702	47894876	0.498298126370627	10	0.199497284860388	1.46699051369047	254	0.551914638972784	4	2	2	-6.73678748369438
chr20	48627912	61254791	0.498890123473011	159	0.0828513684596248	1.31338511767953	13314	0.493272918640305	4	2	2	-7.78319752057057
chr20	61329346	61924600	0.49059356584564	9	0.18318850339958	1.04837722119281	249	0.41846970928654	2	1	1	-6.75926955970446
chr20	61928292	64327831	0.4967101368548	258	0.0959571565207705	1.36709429782084	12839	0.586806881850681	4	2	2	-6.84002837703337
chr21	5216724	9002119	0.0380155929795372	79	0.138950424191481	0.167171470241618	433	0.354157119752382	0	0	0	-12.9049403214962
chr21	9003163	9073305	0.32008296634779	55	0.17455938180968	0.421272994815895	282	0.377328953358243	1	1	0	-6.94535950994879
chr21	9246131	10326389	0.494541318806045	62	0.216755346467174	0.0609291211386181	217	0.389603853053827	0	0	0	-11.032027333429
chr21	10327751	13051771	0.270755352900624	386	0.181658284496532	0.442825146768519	1950	0.351436854826907	1	1	0	-7.84949444037
chr21	13373642	30642851	0.143241936371339	102	0.0900695179000457	0.734051355045276	4918	0.262232066749572	1	1	0	-10.3376498458143
chr21	30741924	30742272	0.499105671017758	13	0.090178526638367	0.323715942812083	33	0.0703857606553364	0	0	0	-6.73434876644536
chr21	30742464	46567634	0.1406180593162	529	0.0770598659062792	0.769685660016413	22368	0.30440401475633	2	2	0	-9.29871776886191
chr22	10685603	11065700	0.498506034057583	225	0.182791413564795	0.218880917715177	764	0.285287460826151	0	0	0	-6.86385003359851
chr22	11065858	11068310	0.498615252008325	53	0.114682511197025	0.625953652855004	154	0.272953386700795	2	1	1	-6.73636304409955
chr22	11266411	11477544	0.0339790154587164	33	0.119459745026591	0.397688413807412	96	0.588604644588861	3	3	0	-7.40704411186449
chr22	11549222	12694062	0.485333493383693	61	0.191298662154435	0.215529091087703	259	0.31135258890419	0	0	0	-7.10097860390305
chr22	15277980	16531870	0.437039145854555	32	0.125047861804733	0.665011502457107	446	0.452906441149745	2	1	1	-7.2889955422758
chr22	16602262	50720071	0.145952832436009	1282	0.079892445326007	0.792459328802752	65602	0.313322148614281	2	2	0	-10.0300409772882
chrX	284193	51332989	0.211798098310445	117	0.11838768069926	0.755190969532391	24221	0.388022528696001	1	1	0	-11.1173360802756
chrX	65457554	154785177	0.164849533944831	65	0.159018166898773	1.32364637303806	49668	0.641799219357632	3	3	0	-7.00808302354405
chrX	155774618	156025116	0.226628281029757	18	0.101857150387036	0.704506798104695	286	0.446946378817382	1	1	0	-6.75037030394733
chrY	3852347	11314752	0.0206449871416962	177	0.16513075685429	0.0916949343790119	934	0.133845986531384	0	0	0	-23.5030758880544
chrY	11314844	11986608	0.492114728500091	165	0.197326564974515	0.0689386004608648	578	0.119255102151968	0	0	0	-15.5399598945597
chrY	26634620	56854907	0.44715798485802	164	0.167052136748797	0.0148542373923778	299	0.0563928068204186	0	0	0	-35.8485161038191
chrY	56855500	56880483	0.473108136201909	87	0.190642025753575	0.0971861499045184	261	0.0863771766841823	0	0	0	-8.35602411255492
