chromosome	start.pos	end.pos	Bf	N.BAF	sd.BAF	depth.ratio	N.ratio	sd.ratio	CNt	A	B	LPP
chr1	14464	2467710	0.466685048506168	192	0.105177784646148	1.19032177666737	9780	32.9561311765466	13	7	6	-6.73507843674708
chr1	2652208	2653849	0.0817314983598235	66	0.111396337713338	53.9612780383008	452	34.3172507306451	19	18	1	-6.73303673881003
chr1	2653853	2849391	0.120273231321028	79	0.129869704759101	16.5188621680185	876	17.6173372433353	20	18	2	-6.73423611352301
chr1	3069321	12926938	0.499061428333127	506	0.0769582120579867	0.951330843032223	21358	0.62485749370269	2	1	1	-6.76435702924529
chr1	12938878	13371308	0.351356491636273	47	0.12655823580087	0.805921239605034	1021	0.414040888670109	1	1	0	-6.97361092219523
chr1	13390071	16592400	0.49882832491756	299	0.0842356991092369	0.98465554587156	7460	0.92279615461656	2	1	1	-6.74753722591783
chr1	16608788	16645371	0.429929132536017	38	0.0892873993744665	1.44559718640492	410	1.5422012482432	5	3	2	-6.73924596075642
chr1	16645573	16948577	0.498621053969738	71	0.110029240671818	1.0463864790794	1265	2.46273661189188	2	1	1	-6.73371786222361
chr1	16960919	31423761	0.498891731918553	747	0.0820762018204799	0.972298197962641	33149	0.605656844216767	2	1	1	-6.83851024386337
chr1	31431785	31431868	0.148954391167585	12	0.144878841753649	22.5435500551089	27	8.91081970019283	10	9	1	-6.7331349101042
chr1	31619303	120840358	0.498914527199153	1962	0.0874420430709693	0.917176483439101	113139	0.538828274609074	2	1	1	-6.74791300286495
chr1	123146956	124741546	0.0425650823666498	26	0.10867087926395	93.2779993533501	751	51.3496121102853	15	15	0	-6.73654043414645
chr1	125080946	125167984	0.370041027614587	15	0.137779568600753	19.6479947859121	113	18.4798929835545	14	9	5	-6.73340298573896
chr1	125178954	143264541	0.0557081038020682	130	0.0977194776025838	97.645845276836	3756	51.5805577994258	12	12	0	-6.7789144299027
chr1	143265756	143555803	0.492421445984092	15	0.166069549400531	6.83469227164807	305	33.178781096695	20	10	10	-6.73428309038467
chr1	143570827	144054587	0.499502189520981	9	0.0574673820527784	0.941694099863736	548	0.671074184416004	2	1	1	-6.73387996574972
chr1	144104013	144104496	0.0839274835361586	9	0.134605699895823	23.6448844531758	59	14.9763220973251	19	18	1	-6.73315968821853
chr1	144426381	149677385	0.498760961828121	164	0.11514245774405	0.909928492629137	8703	0.401379449424012	2	1	1	-6.73312009496699
chr1	149906855	248936765	0.498923408884408	3026	0.0881575067154694	0.937141612322058	151557	0.919919548743555	2	1	1	-6.79774251363824
chr2	224970	3105183	0.499458508527173	29	0.0604942288498492	1.10475398446258	1769	10.7048400470949	2	1	1	-6.73365144578303
chr2	3105282	3180907	0.148283109238442	9	0.0967179461688011	35.2696672973888	90	16.4087765288628	10	9	1	-6.7341246478012
chr2	3189269	89767186	0.498908197994889	1472	0.0933190095426772	0.915106807070188	88748	1.26531547100215	2	1	1	-6.73457165264489
chr2	89828605	89841171	0.0899849557335528	46	0.145298287225044	73.7605335951507	806	41.4338233802771	17	16	1	-6.73308580980919
chr2	89843654	90359480	0.498710604398144	30	0.13099146677481	0.998293045095702	920	3.41389372195679	2	1	1	-6.7333210702056
chr2	90380736	90398589	0.0321064559025356	71	0.047307645044729	97.0623272078932	1808	63.2600136431963	19	19	0	-6.73317577739133
chr2	91443408	91963698	0.487048655947055	54	0.122097559828208	1.31351582189304	802	4.74417008088106	4	2	2	-6.73991706315796
chr2	94194584	94217789	0.498144417515794	15	0.189166895321867	2.19111709102195	192	5.84459485044597	6	3	3	-6.73309085908424
chr2	94594537	95939062	0.495911786249406	55	0.123932541116023	0.922351609020118	2569	0.806743803939834	2	1	1	-6.73394654319762
chr2	95939110	95943184	0.213195853611675	29	0.138629791934572	1.70045397388873	62	1.07263106686572	11	9	2	-6.73430259024423
chr2	95943209	167247440	0.498892200454571	1287	0.0892833721754405	0.909141591460418	64307	1.60593224536352	2	1	1	-6.73312256339896
chr2	167466782	167870149	0.0778215299523392	10	0.182791471962513	1.07596643430643	166	10.1345436166788	7	7	0	-6.73443181273474
chr2	168631158	242122263	0.498910526368902	1633	0.0867779911197225	0.90672796912464	97613	0.531658974268856	2	1	1	-6.7340912674378
chr3	850109	75666189	0.362381098409818	1563	0.0914046926641677	0.951111041903429	97761	0.546362963850242	2	1	1	-8.14838600751455
chr3	75667728	75669484	0.325095661157896	19	0.0858165798672783	2.25468736395727	177	6.73928422746049	13	9	4	-6.73305596794561
chr3	75669631	75696596	0.113113702062921	16	0.0982062243444885	23.8237759026492	127	18.8294567528859	13	12	1	-6.73380207355841
chr3	75696622	75713848	0.139861688869007	3	0.021594752448994	4.06902752324632	14	15.6889331382501	18	16	2	-6.73782454279004
chr3	75731922	89127495	0.498841576059276	79	0.109782819446553	0.919689153381499	3044	0.634492603086092	2	1	1	-6.73582979704333
chr3	93470398	95744350	0.298832132228424	9	0.0920123783943105	43.2760100748586	1063	99.0678776181672	11	8	3	-6.73410381315284
chr3	95766697	125681554	0.498799287730951	441	0.0944244293669055	0.874647319281413	29430	0.561179770848918	2	1	1	-6.81648915661689
chr3	125696939	125931582	0.202419223071649	44	0.118508442978053	1.15996101585841	453	0.876614645876653	2	2	0	-6.74415038356213
chr3	125982256	198169929	0.398357851789032	1625	0.101332775900839	0.912527801113773	73730	0.921370051467444	2	1	1	-7.28382096129092
chr4	18751	49016897	0.498897213697394	1179	0.0939203328746232	0.936076405189277	43821	1.80537328610658	2	1	1	-6.74088003221838
chr4	49092073	49156502	0.0535653238972041	504	0.126265613199647	77.5535880393971	7933	56.0737492251012	11	11	0	-6.73315978018663
chr4	49157790	49266417	0.280176036133233	37	0.127794651582032	8.53628093382404	154	20.1724444094876	19	14	5	-6.73314083041767
chr4	49270675	49657235	0.0396997089102634	113	0.130729274354287	56.3158592266147	1384	44.2691432205017	16	16	0	-6.73381002822346
chr4	49657513	49711723	0.0914505116545687	58	0.116615645225818	217.398267956096	831	176.918839918546	17	16	1	-6.73305744521939
chr4	51848078	189984870	0.498895650187656	1901	0.0968879243855844	0.884712841612059	93903	1.96324234844076	2	1	1	-6.74882315424505
chr4	189984902	190118731	0.169328147597636	33	0.166012447050688	4.90607142451945	264	10.5055978367909	20	17	3	-6.73319205973731
chr4	190177641	190181710	0.286266672319798	54	0.107915520703304	78.8025949592364	941	43.2936811329158	15	11	4	-6.7330561965717
chr5	163654	1094274	0.498782094369481	98	0.0959095084453315	1.01120095594208	3301	2.22228534152823	2	1	1	-6.73441008111116
chr5	1148475	1192191	0.111538729396885	9	0.113474666776334	8.21776362870569	31	5.70239070162493	14	13	1	-6.73377456900775
chr5	1201885	5303501	0.498736140947355	65	0.0962175144979013	1.08905428974004	2594	5.83174826197274	2	1	1	-6.73549595689895
chr5	5954758	5955186	0.118978635415657	11	0.0853677605742036	3.0555088835351	37	0.925476681817856	13	12	1	-6.73364784402492
chr5	5955241	47299320	0.498878516228725	561	0.0925801514421377	0.919304631059362	25788	2.81544735860865	2	1	1	-6.73351629284629
chr5	49599414	49657387	0.434125543084369	152	0.147777910616423	99.9394501181957	2397	87.7315279154761	14	8	6	-6.73308711123119
chr5	49657411	49666640	0.0737641511584068	200	0.122273031557376	99.8284100018995	3246	82.9927783712227	8	8	0	-6.73325945643793
chr5	49666961	49872440	0.0358563838717489	28	0.134527838821522	63.1641748314903	175	62.8365966563795	17	17	0	-6.73323912577991
chr5	50402203	181283260	0.498920815908434	2656	0.0869473738990692	0.919667524197141	128696	0.865999554684391	2	1	1	-6.74737279054604
chr6	292833	32288483	0.470223452588064	1027	0.090713324601775	0.966042329680023	44034	1.08190060361476	2	1	1	-6.85716232130289
chr6	32288641	32473491	0.49882135541973	69	0.103005377738918	0.834000730462836	608	0.433562316223789	2	1	1	-6.73747885555224
chr6	32473619	32555458	0.320432848205462	65	0.0985033140793516	1.04306276642777	246	0.37728815552306	4	3	1	-6.77479716299012
chr6	32580205	32661190	0.248625533847288	53	0.111660773985427	1.00892676273836	265	0.336067080448924	2	2	0	-6.84938590071764
chr6	32661873	60544763	0.49889231280427	916	0.0834915472949611	0.954100947379362	44715	1.8606113077148	2	1	1	-6.74445189438356
chr6	64156391	157299382	0.498896120747788	1331	0.092374695322549	0.881214957066723	69535	1.28292434587101	2	1	1	-6.76563381020683
chr6	157310603	157313061	0.0595721017131478	34	0.0930793893795653	59.2737240496125	309	36.0265875599684	10	10	0	-6.73307844467903
chr6	157542518	170323295	0.49886574759606	480	0.109962547476853	0.957232513365574	13710	2.07078672532803	2	1	1	-6.737872231637
chr7	32924	4788446	0.437333412790939	289	0.08914960006556	1.06287112431477	7941	1.67035923633459	3	2	1	-6.94729176469927
chr7	4788774	57424695	0.498853529137191	1243	0.0958333975805147	0.925135715073913	48626	0.51568468528504	2	1	1	-6.76971183910459
chr7	57424856	58091583	0.169256802692579	9	0.108253175473055	1.13486444207135	192	5.97755187846591	8	7	1	-6.74476335300014
chr7	60985118	100952498	0.426398213951693	941	0.0971843920694464	0.912905303481465	45888	2.38684341067908	2	1	1	-7.05889918722356
chr7	100952544	100960515	0.301553833480697	139	0.0729393507620131	0.767316583453451	679	0.0763914746839623	1	1	0	-6.78978861096035
chr7	100960528	100969891	0.499151032990164	125	0.0664998491388054	1.04059532458361	324	0.629384990441236	2	1	1	-6.73338679210479
chr7	100993793	142721177	0.475438353355723	905	0.0994263194214332	0.907244705542856	47093	0.532013571507238	2	1	1	-6.7697495773616
chr7	142749251	142762045	0.284505083334724	50	0.0970705634356486	0.918191034677091	230	0.211931848908406	1	1	0	-6.75602317550136
chr7	142762550	152273892	0.390717788532772	392	0.0912824750932354	0.996601673861651	16982	1.27828442675188	3	2	1	-6.8353801433106
chr7	152380007	152407365	0.284544015929536	76	0.126847660393751	4.10911775805968	193	8.26526749699294	15	11	4	-6.73308235349747
chr7	152407516	159203465	0.498775441657349	169	0.1288628713664	1.03286727582007	5285	4.23257832186918	2	1	1	-6.73679689031588
chr8	213553	12434232	0.498866447186237	464	0.099615652238239	0.935581235817169	9493	1.4368384560402	2	1	1	-6.73605913343079
chr8	12435824	12694343	0.302180960674255	32	0.112758873300794	2.43308112942954	358	7.67525029055007	14	10	4	-6.73402318429262
chr8	12694445	43672929	0.498896939615749	686	0.0845435918995917	0.91655288256553	33350	0.488670883509006	2	1	1	-6.73847291039519
chr8	46596061	57200565	0.479944252983783	119	0.0940913826674157	0.867869734158342	6787	0.554374766340715	2	1	1	-6.80420524865232
chr8	57209751	57215149	0.185748882011026	10	0.103639814314341	21.6494913601765	56	11.0377722730607	13	11	2	-6.73311256818099
chr8	57242340	144995323	0.498905788082481	1325	0.0929347884852095	0.961893868612538	68758	5.32736281565879	2	1	1	-6.73904431230849
chr9	14396	41224494	0.498865592036003	873	0.110723618089669	0.971461108420084	37262	1.24578248185101	2	1	1	-6.80266894963572
chr9	41229433	41266290	0.150342127208025	34	0.135370423339633	26.6757987605666	264	23.4180804693497	16	14	2	-6.73355246564415
chr9	41279654	42975038	0.325009016067269	68	0.118514165106928	1.10465471045712	1298	4.29589565537219	4	3	1	-6.74387363828644
chr9	61194086	62849112	0.159130613521656	49	0.139588166735282	15.6404538760398	535	22.8040949841027	15	13	2	-6.73656720751202
chr9	62850203	63784605	0.372069526756919	38	0.121934294854792	1.20009673045717	497	4.001955840575	3	2	1	-6.73938322649951
chr9	63784623	63820529	0.186364632797002	50	0.138002241922043	14.872366817575	298	16.5230277518854	13	11	2	-6.73317382309419
chr9	63820579	64499825	0.206677356461344	27	0.130627523353809	4.62568088693697	499	29.0601847973132	16	13	3	-6.7338607400479
chr9	64622008	69886782	0.498670211349727	111	0.124406203052353	0.904130852970052	2777	0.672331748398558	2	1	1	-6.73329890910757
chr9	70038341	70038430	0.0612146948704823	10	0.0762744314229145	42.1402326619978	66	10.017546701805	10	10	0	-6.73362297282819
chr9	70044401	129180294	0.498902973339827	1175	0.0918884111381284	0.922912236604174	71240	0.581824605568524	2	1	1	-6.75723976481351
chr9	129322606	129410400	0.129616189012057	9	0.149613761993266	6.85712536954425	48	8.92808591263472	19	17	2	-6.73312240004408
chr9	129615449	133071566	0.489912194295952	171	0.109030248309539	0.940212719578555	10218	0.414645075348778	2	1	1	-6.75188787785717
chr9	133086400	138217446	0.498884899950185	578	0.0927324342414311	1.06106128858191	22297	6.47670339820187	2	1	1	-6.73487222355551
chr10	47876	38445436	0.498879391388423	753	0.0921450390434029	0.887305759846799	33238	1.02374007919538	2	1	1	-6.74590411936387
chr10	38445603	38601369	0.0709648099772138	19	0.116875277152	39.6273425729088	264	34.4125240510301	8	8	0	-6.73363392099914
chr10	38601633	38919037	0.298816380195852	17	0.101754028681626	1.17114013311424	179	3.51145412684386	4	3	1	-6.74458520161037
chr10	38919039	38919988	0.050728873740771	32	0.117077065706808	39.3186546985607	258	21.7272890625402	12	12	0	-6.73305981533445
chr10	38920017	38998779	0.415089837560742	23	0.160856084255142	7.78087550345639	78	16.3697811575126	17	10	7	-6.73328591377606
chr10	41857374	41872270	0.0881034825464938	60	0.137769203343238	62.7375675614266	690	48.2033868992804	18	17	1	-6.73316702099735
chr10	41874810	41914780	0.0456978821902574	216	0.119974841516458	79.1164417340917	3390	57.3945790400929	13	13	0	-6.73312318522963
chr10	42070358	42148939	0.0483913503620386	11	0.0825382555931711	45.3027030225368	245	54.9390142961918	12	12	0	-6.73335701926569
chr10	42149046	42263123	0.492022482518981	23	0.111272233200484	2.40048914961121	97	6.41918666175168	8	4	4	-6.73611782038701
chr10	42271639	133626863	0.498916623222603	2166	0.0898582585559789	0.933525212567489	108726	1.26105421789169	2	1	1	-6.75747135168641
chr10	133687782	133787364	0.155132172376532	24	0.160171912851994	173.991903934697	555	85.3386306843071	16	14	2	-6.73317506918875
chr11	189894	199891	0.498523673401968	9	0.190684366894032	1.43976840825589	142	10.4607812456481	4	2	2	-6.73306569456874
chr11	205198	3094124	0.496630479365757	529	0.0836151131065987	1.04058523940592	16637	0.898083556580546	2	1	1	-6.77303575882712
chr11	3096928	3120300	0.479364949363494	13	0.150335948581493	1.31003566444272	165	2.34761861122172	19	10	9	-6.73873707831179
chr11	3218877	50513000	0.498911098888927	1254	0.0902207390235549	0.93106738275324	56669	0.553480539214796	2	1	1	-6.78600014880707
chr11	54591643	60523843	0.498868684225824	261	0.0808241557315634	0.871974034464726	10775	0.382425937681387	2	1	1	-6.77491710188628
chr11	60700700	134381883	0.498915523996671	2056	0.0873115259555413	0.961495269479372	118340	0.579061080508785	2	1	1	-7.12250920885921
chr12	12252	66802	0.400659226792957	27	0.110015033937675	2.04729911861148	212	9.3332943093544	18	11	7	-6.73420215238104
chr12	66973	34166822	0.478839593231953	1105	0.0938987822356153	0.915719844274547	47911	0.678391475413269	2	1	1	-6.76576561520981
chr12	34209465	34209606	0.466303376101776	17	0.109682362247698	4.37694735429565	37	1.99153963558854	13	7	6	-6.73310027898443
chr12	37576363	47712705	0.273528965076709	224	0.101940307107467	0.922599106118858	10459	0.385171048904524	2	2	0	-7.0390355497488
chr12	47716830	133056950	0.49891682546106	2187	0.0871119539506376	0.925355816938555	130555	0.600140053088746	2	1	1	-6.77806130775986
chr13	16127923	17742893	0.0364352846134282	12	0.121201153859894	85.8688689107139	479	62.8502735731561	17	17	0	-6.73501266135263
chr13	18171311	113834827	0.496682705924079	1731	0.0941457562218221	1.25787507486705	66037	7.93441745523326	4	2	2	-6.75292399959794
chr14	16103579	16103621	0.0309030753690968	9	0.0314898572735907	60.2339197786296	34	29.6562956943405	20	20	0	-6.73310270429975
chr14	18330642	106875207	0.498918372589701	2356	0.0926191801175011	0.929821476242278	113868	1.77195816170526	2	1	1	-6.74178729038564
chr15	17080798	17081919	0.158158815749239	9	0.0772366493317777	30.3552563671794	64	20.9152047167901	9	8	1	-6.73402455370593
chr15	17081921	17082668	0.0672414387641066	26	0.158400563324562	15.3910359683054	111	6.27871194995696	9	9	0	-6.73324010143672
chr15	19899607	20297125	0.333967423390384	136	0.126804692599917	1.31636568621892	1293	5.79052070978799	10	7	3	-6.74226954422244
chr15	20302000	20340746	0.498303679715511	32	0.183734202195595	6.70942894051021	225	9.57006327514493	20	10	10	-6.73308603079719
chr15	20340762	20342193	0.10011094751824	21	0.165214982602034	27.4479831670969	194	18.1642056104972	15	14	1	-6.73312019488941
chr15	20347404	20418716	0.27964696352811	9	0.119394304721791	8.36435814697863	145	15.2187298396005	19	14	5	-6.7330996113
chr15	20439456	101976440	0.498912402534894	2262	0.0937861147259603	0.924650902352224	123403	0.86360065673372	2	1	1	-6.75219447749437
chr16	11922	914594	0.478659850971876	187	0.0909063730546521	1.04842417475139	7077	0.426408320786111	2	1	1	-6.82597379904038
chr16	914605	1025453	0.491561502461123	14	0.187511831128563	1.6367986124018	223	8.35681362108476	4	2	2	-6.73425790849189
chr16	1194877	32066546	0.498904839280607	1272	0.0812269968792396	0.955081978320725	72125	0.544702062681071	2	1	1	-6.88212870416128
chr16	32116647	33027419	0.498597207789478	21	0.144632605162842	1.15902287340961	515	5.40657210140827	4	2	2	-6.7340493557837
chr16	33336409	33491818	0.0571082944772036	28	0.0999274008955274	32.1299154482965	237	19.3866630336321	10	10	0	-6.73456633462886
chr16	33593415	34015739	0.498768284409659	16	0.107708789489685	0.956877810180947	596	1.41256497849596	2	1	1	-6.73344293905671
chr16	34062814	34268594	0.0692360825513519	110	0.127677109160189	19.432739473714	788	37.1304787609931	8	8	0	-6.73357668040537
chr16	34572792	34596032	0.495171691962304	114	0.166752575514653	129.243154416665	3570	101.537620086835	20	10	10	-6.73354571835009
chr16	34803857	36101486	0.446799343351692	23	0.15590837990596	1.32658437777191	427	2.58873683736365	5	3	2	-6.75742347451665
chr16	46380794	46401545	0.498452969972456	115	0.161427370297007	115.229125145847	5468	46.4529496406786	20	10	10	-6.73313627483821
chr16	46671646	57674571	0.0000575932855669953	246	0.077209921380063	0.945970034453788	15328	0.470510414751364	2	2	0	-9.332073947857
chr16	57714719	57752605	0.497664007013385	9	0.169710783393395	1.086467292942	292	0.552989408248719	2	1	1	-6.73550710013596
chr16	57752799	90076051	0.498895710686995	1148	0.0878771928210508	0.963848306691923	53335	0.509876082553093	2	1	1	-6.97895715362549
chr16	90093793	90101497	0.245833326339579	19	0.116137018291085	1.2357099940842	105	0.6263846934984	5	4	1	-6.74767189224747
chr17	137603	281965	0.499308435929899	11	0.0790307189987194	1.07979444014678	248	0.483320652981036	2	1	1	-6.74404986487577
chr17	295089	321198	0.0825915541492261	28	0.147215441592879	21.8313545997742	191	33.8205044821278	19	18	1	-6.73306623859039
chr17	327568	18393900	0.498908574591705	1120	0.0900992461312603	0.956617347472114	54981	0.883585977762578	2	1	1	-6.76911470573493
chr17	18397788	21614377	0.397870304159822	346	0.0925198611816781	0.948858891641965	7161	0.745439482870021	3	2	1	-6.90806425357355
chr17	21652758	21657154	0.364393231095008	11	0.121889666949627	3.34567166768258	20	3.57211302054945	17	11	6	-6.73308620585019
chr17	21663821	21667176	0.322405572562444	19	0.114643102433912	24.3251657454145	72	22.1257784603332	10	7	3	-6.73310488463544
chr17	21667178	21841585	0.277362959176617	26	0.0834773944527223	1.30002490447526	268	7.2603636087287	12	9	3	-6.73560959972416
chr17	21968818	21980755	0.413553094766041	36	0.160670460338535	78.2000522891118	436	60.0485861617008	10	6	4	-6.73312479384061
chr17	22044272	23016540	0.489375681054421	46	0.126408747709898	7.65228600419681	326	37.3847175092891	20	10	10	-6.73729647163244
chr17	24421438	26619960	0.0623627274988396	33	0.145555720612521	135.999526235349	761	81.8924273780173	9	9	0	-6.73611564552079
chr17	26732124	26885342	0.223393983022674	20	0.1504249769294	43.5138367345598	145	46.6635898535086	15	12	3	-6.7332808848115
chr17	26936826	26940826	0.0267868981769122	50	0.134660220934175	34.444284907194	442	30.4204431805062	20	20	0	-6.73369694653224
chr17	26963284	74250570	0.49890980561878	1581	0.0831872904116435	0.937693652748823	108449	0.59321415047242	2	1	1	-6.81007390683264
chr17	74251724	80923933	0.498903891887844	532	0.0792234229868651	0.987000709492003	24808	0.429579543623542	2	1	1	-6.87672787858488
chr17	80930178	80945549	0.1964165200018	9	0.126865195297125	6.56151361834426	47	8.83035924878114	17	14	3	-6.733517143469
chr17	80945587	83094678	0.498866698603017	283	0.0935280409772327	1.03145619809232	11183	1.2009669818907	2	1	1	-6.74736629494112
chr18	47492	82856	0.431857140625757	20	0.122975564538994	1.08807958670025	114	0.662772577818666	5	3	2	-6.74795095021037
chr18	107129	107568	0.0425627174841225	35	0.0475056476076461	64.6825797531131	323	35.7418907475978	14	14	0	-6.73325411517803
chr18	107895	111034	0.191705661946737	89	0.114127046029161	95.8052220366494	2126	44.9621960134065	18	15	3	-6.73323123386678
chr18	112179	15057120	0.498839066229981	398	0.0963890559173037	0.911865236904853	15648	3.23043047542255	2	1	1	-6.73312534009071
chr18	20993033	80147692	0.498879120510313	795	0.101654355056891	0.919560303743313	40371	3.31369544783633	2	1	1	-6.73353482985688
chr18	80153280	80258375	0.474052113208755	12	0.178848081800271	1.23830224483734	145	5.06529689224721	15	8	7	-6.73746218802948
chr19	282753	7163219	0.494473106477396	836	0.090080893683473	1.06544415587804	35171	1.30505328900402	2	1	1	-6.79580847143871
chr19	7165995	7450857	0.120429956423278	10	0.149637673509492	3.72472602419506	533	43.6416080599214	13	12	1	-6.73349158733715
chr19	7469971	24312236	0.472517227100252	1551	0.0880837001383916	1.00435840125467	71782	0.785585100208971	2	1	1	-6.94960124952035
chr19	29212777	52064073	0.498904049238684	1845	0.0872463451350931	1.03471934072279	91469	1.38866784804014	2	1	1	-6.85014525553048
chr19	52067461	53990429	0.498828407836754	217	0.08392341618968	0.829710984428589	6741	0.6584288008035	2	1	1	-6.75522768402868
chr19	53990526	58571238	0.498873768641866	853	0.0886913916272324	1.01893109667659	25355	0.664174297808207	2	1	1	-6.81326913040575
chr20	101574	26081626	0.498864185187217	623	0.0871015479129461	1.06085114789734	28247	1.61992589119707	2	1	1	-6.87166710819499
chr20	28559285	28607130	0.489304829646553	30	0.144980315746735	2.88502031860051	134	9.6004959758916	10	5	5	-6.73629461416067
chr20	28631820	29055813	0.397315248245719	51	0.150973237467349	35.6180859148931	547	27.2306331647609	18	11	7	-6.73429694447288
chr20	29069160	29124115	0.291854958322511	80	0.112320965839369	8.30161832792283	383	21.5801158123539	18	13	5	-6.7331184483268
chr20	29124188	29263945	0.0114070731381187	9	0.0289530270917874	64.6286028409992	100	33.6947543129431	20	20	0	-7.00281720459458
chr20	29311808	29800327	0.283833761833789	157	0.137218758148381	4.80207831142729	731	16.4134038590965	15	11	4	-6.73314856945261
chr20	29800400	29884567	0.188335408171925	65	0.115860787652185	28.3088605783422	400	21.4977617630253	18	15	3	-6.73341623839771
chr20	30291337	30720310	0.499246238801177	52	0.125015490744521	2.13071175344117	420	17.6869335645615	6	3	3	-6.73305484481808
chr20	30812048	30918863	0.43643831370689	119	0.139151683931109	12.7180320066884	551	20.0912153884587	14	8	6	-6.73331112565035
chr20	31055200	31185600	0.0581529428762412	115	0.14340970310379	65.0508306441227	1900	36.9123533815907	10	10	0	-6.73357585769707
chr20	31286089	64084195	0.498882888971828	1173	0.0904444124241635	1.09913790435485	61216	2.49274651263314	2	1	1	-6.84526511096579
chr20	64088693	64302540	0.498023209036503	16	0.176150267290932	1.33871165369972	749	7.8880225143938	4	2	2	-6.73311944784156
chr21	5218123	10327789	0.0547318389236459	323	0.15953677337444	24.0404430562883	3232	28.7319693496003	12	12	0	-6.74677830988197
chr21	10329746	10425720	0.352754163881904	320	0.128981373614255	4.03776047691801	1477	19.2864192235607	9	6	3	-6.73320646929479
chr21	10426817	10441132	0.162515181872641	70	0.123195722849312	10.9730057261249	338	17.9089674958618	15	13	2	-6.73307373802924
chr21	10441952	13052061	0.367220934046711	164	0.119516458540395	6.86954098489379	1843	47.4170554572973	14	9	5	-6.73343223110319
chr21	13624351	46697396	0.498865304663616	865	0.0899432346881869	0.871610836035466	33498	1.7803465167121	2	1	1	-6.74414306578539
chr22	10678964	11068310	0.404104928866572	483	0.139289426524919	3.38017865430592	1821	15.138709002605	20	12	8	-6.73347248856036
chr22	11285408	12641153	0.49862900297699	150	0.134874023581772	5.17352175682634	1016	15.423629048522	18	9	9	-6.73309293868813
chr22	12692645	12694091	0.181311791600193	54	0.138834568413069	16.2542838445879	458	15.6256696114083	19	16	3	-6.73306396915547
chr22	15277980	50808263	0.498905790706936	1847	0.0961934845917916	1.06330905128504	81995	3.40979702600882	2	1	1	-6.77785704375389
chrX	284503	57592437	0.498731207505986	152	0.109742954963718	0.916436715478093	38823	1.38563331746875	2	1	1	-6.73430234721296
chrX	70372514	156024351	0.498540383698253	42	0.126581216210497	0.904212323956278	48573	0.330873358461637	2	1	1	-6.74610952158014
chrY	9466925	11022931	0.0453090241183897	158	0.106802108204187	30.5340746218146	1709	25.0699910668347	14	14	0	-6.73907218031491
chrY	11022933	11294715	0.118192119963345	120	0.139632073559002	18.9497370443323	752	36.1070035587338	13	12	1	-6.73345402671551
chrY	11294855	11303070	0.0814357774740536	97	0.146610719130347	42.666308036658	633	33.3214819635125	19	18	1	-6.73305609143377
chrY	11305281	11305590	0.477130019320304	25	0.163486411259978	97.8915227797091	260	28.7428599802817	19	10	9	-6.73309799861261
chrY	11306154	11308321	0.0784512930644559	90	0.134558667803856	16.3166690348079	466	15.4056076931654	20	19	1	-6.73303907865567
chrY	11309303	11314439	0.277975087040001	58	0.125794116355332	128.696962223098	1073	100.112208743945	19	14	5	-6.73305206339093
chrY	11314502	11316517	0.448303730739656	65	0.143069254343697	13.7091417483593	439	10.6186127429762	18	10	8	-6.73303953838755
chrY	11316746	11320963	0.0322546206170876	39	0.100969477356401	59.9827852250604	624	27.994004257403	19	19	0	-6.73306470393005
chrY	11321538	11323328	0.237043271792668	58	0.124509628585123	9.43819607791329	352	7.28913561404418	10	8	2	-6.73317332910416
chrY	11323340	11329888	0.0425530915928744	34	0.0852487447699289	113.139091007423	611	70.4312880577535	14	14	0	-6.73310900444353
chrY	11329943	11330308	0.463308519001848	24	0.184146188775602	181.063194601359	202	88.5201615209412	13	7	6	-6.73308795823231
chrY	11332028	11332357	0.0518090698179514	25	0.137431946795496	31.2574929024362	115	32.1992999084081	12	12	0	-6.73313456798419
chrY	11332427	11332785	0.390049114390005	18	0.148769154860504	2.95423783273591	102	0.724189060588881	8	5	3	-6.73325257537858
chrY	11332804	11334013	0.166168798399274	51	0.133017949548024	9.00487775524094	604	10.2218785543893	15	13	2	-6.73331902276951
chrY	11334020	11986761	0.0570499174875442	114	0.150152720474594	47.5965089331121	1769	52.4328603890396	10	10	0	-6.73417839959276
chrY	26403324	26634723	0.277543230143295	10	0.16942743448319	1.04677595989484	143	0.693312284589968	4	3	1	-6.78954024415447
chrY	26647344	56763582	0.0638938305777597	47	0.127931403624374	114.74329161122	776	82.9611445554779	20	19	1	-6.76369838813766
chrY	56826633	56854914	0.0908378515628313	334	0.145888801957342	35.3030298406712	2293	31.1485118448669	17	16	1	-6.73309668604655
chrY	56855282	56884254	0.347675294281223	131	0.129290064759697	7.41962442394729	493	19.842980962749	15	10	5	-6.73306069189919
