chromosome	start.pos	end.pos	Bf	N.BAF	sd.BAF	depth.ratio	N.ratio	sd.ratio	CNt	A	B	LPP
chr1	13273	124250799	0.498886034694773	3340	0.141353645146681	0.983556439292895	190910	2.04341425132915	2	1	1	-6.7369183395092
chr1	125094607	149082530	0.473395475809981	128	0.155799517341481	1.1954273650841	10014	2.49536393262655	2	1	1	-6.85050447767233
chr1	149101328	151199335	0.360037102177756	62	0.109224918221275	1.46844567424833	8025	3.74636401526177	6	4	2	-6.74735473878745
chr1	151232827	200099843	0.379155576092903	1441	0.128046755013416	1.32375136420032	90471	3.01629970308261	3	2	1	-6.73769879189674
chr1	200111335	248911696	0.376713141008822	1724	0.129523461467124	1.38011820893837	83687	3.38743362420648	3	2	1	-6.74959843741629
chr2	154452	30513945	0.49199995599601	680	0.128663077811963	0.973113912089336	33092	1.97040408230533	2	1	1	-6.73542428151584
chr2	30525455	31199332	0.498080400223761	19	0.17251886921122	0.774728693394831	898	1.70528683426598	2	1	1	-6.74007043774491
chr2	31199586	91963663	0.498864838412332	1217	0.129086759720793	1.10158332254022	64522	2.41685635680166	2	1	1	-6.83366745114587
chr2	94190317	241804236	0.498854802279948	3613	0.134920591061529	1.3037882637116	195726	3.10063767545017	4	2	2	-7.05490208329297
chr3	197562	90613961	0.498870638266661	1950	0.133433639336624	1.02458432121148	105757	2.24738398991396	2	1	1	-6.76604718559642
chr3	91483878	149475897	0.444153566425525	1399	0.134398965576258	1.42087326324577	73495	3.25314398141934	4	2	2	-6.87162001906977
chr3	149568816	149645300	0.0191162255195415	9	0.158	4.86671395047616	110	7.16322980812915	20	20	0	-6.73488712754556
chr3	149649257	195599574	0.457359508775228	957	0.120374399142522	1.59861885981468	51015	3.96593248787616	4	2	2	-6.80763422258561
chr3	195599681	195721825	0.327254513667674	61	0.133601849157714	1.96588384751753	529	3.29674986313041	10	7	3	-6.73638316644622
chr3	195724826	195788697	0.300040971557437	168	0.142442732703657	0.521120396615701	1299	1.06502471824735	1	1	0	-6.76145094416547
chr3	195789859	198157341	0.498691045438997	180	0.131958640041356	1.59209198731983	7070	3.98249530076668	4	2	2	-6.73309412812374
chr4	68116	9248531	0.192693342726681	579	0.128840732618047	0.844273096603975	17877	1.71050720144015	2	2	0	-6.77081169623254
chr4	9454852	49153275	0.19668318146715	566	0.126561069818125	1.2072647163517	27744	2.4733205140167	3	3	0	-6.85967254639396
chr4	49154530	49657645	0.359197207347403	40	0.116303314215184	3.50426267734041	225	2.23287867751297	9	6	3	-6.73585447502656
chr4	51848078	190179746	0.186257482495354	2072	0.120965050907943	1.1906156688486	109268	2.57608308612952	3	3	0	-6.87444341822701
chr5	163090	1572101	0.367816180299952	165	0.166490957341744	0.85461144111709	4575	1.45766369814176	3	2	1	-6.79925495671961
chr5	1572174	16783602	0.396327810865522	293	0.134262054191973	1.33972879659449	10782	2.70038856858126	3	2	1	-6.74476005300706
chr5	16816771	32183903	0.00993121723981005	136	0.106929671418319	2.03051439438295	6303	4.37049700012742	8	8	0	-6.93226146377675
chr5	32247971	46381357	0.406578108369435	322	0.133547777957943	1.41946809498783	17830	3.13848635350338	3	2	1	-6.7662701554491
chr5	49600535	181283362	0.423235809476622	2899	0.128481349160139	1.36950316244873	158241	3.11256245366378	3	2	1	-6.84136590596317
chr6	147404	32519289	0.498885415814897	1286	0.124252497559908	1.02285883095329	46600	2.23543082475857	2	1	1	-6.74433820985419
chr6	32519297	32519786	0.264539153629299	16	0.0986993541012301	0.577049183419232	34	0.273498736420352	1	1	0	-6.73499239633775
chr6	32521862	32584252	0.495921377821998	154	0.144420698997602	1.07169436948158	313	0.900207666414943	2	1	1	-6.73397488475185
chr6	32589625	32742444	0.13083672148124	16	0.142742877814155	1.11357282764985	160	1.17583230096813	3	3	0	-6.73709229860057
chr6	32742593	60544763	0.496590168281268	917	0.132147784934672	0.978933080889253	45107	1.94986047110357	2	1	1	-6.7338662308658
chr6	61181990	170640022	0.498884678523674	1677	0.133363794728953	1.13924971830874	94907	2.41108012233277	2	1	1	-7.01461814308791
chr7	32858	58088536	0.498896838287455	2148	0.123586105265173	1.95550743986105	83734	4.91732108572917	6	3	3	-6.75155955103459
chr7	60957564	100951903	0.498878547761201	1347	0.126491786266995	1.8971759366791	68952	4.61594235726874	6	3	3	-6.75625178804166
chr7	100952439	100964852	0.346786005651171	108	0.096722182558207	0.885943743599626	873	0.203313920972822	3	2	1	-6.82764782814956
chr7	100964922	100965345	0.497574796198182	9	0.114	0.686424762081252	24	0.357747866844631	2	1	1	-6.73353725987366
chr7	100965350	116360752	0.498817556880491	432	0.137792809229396	1.72403816778372	24569	4.44484208414082	4	2	2	-6.73664021357778
chr7	116396832	116499664	0.104832109197973	9	0.135949541293002	8.41588937071313	80	4.00329205858492	14	13	1	-6.73440303435694
chr7	116500470	140519627	0.498871838165675	665	0.124406124040196	1.95831314983562	37763	5.12675172353961	6	3	3	-6.73995019868326
chr7	140523215	144318594	0.498842789205265	230	0.158679688895971	1.38510209781363	12097	3.28152178423477	4	2	2	-6.73671810548573
chr7	144350966	149243163	0.498787104443628	122	0.138845872087136	2.32653038765887	4897	4.90982501232946	6	3	3	-6.73351802260643
chr7	149250188	152230042	0.498822834680819	194	0.118854190387743	1.44186004427274	11341	3.62079125045205	4	2	2	-6.73422697707003
chr7	152235671	154365681	0.498639254373672	146	0.124675022243708	2.80508143548754	1958	6.57888998702793	8	4	4	-6.7331012585449
chr7	154463503	159243027	0.498836821518755	128	0.100845397663071	1.92603506473407	6794	4.24029690860011	6	3	3	-6.7357472500057
chr8	243585	43687403	0.498854350586647	1168	0.135599209421118	1.02204743228046	45467	2.12041081409819	2	1	1	-6.74936306592726
chr8	45952307	141200831	0.421853582752709	1310	0.128321482013375	1.41679510591127	74759	3.28997104772524	3	2	1	-6.85407303234611
chr8	141212162	144890458	0.43005606119153	434	0.127004939526655	0.86591489498695	13446	1.52761099235877	2	1	1	-6.92168571679581
chr9	14690	36149963	0.1523407034686	784	0.10779301923092	1.46818580317737	40052	3.48368301183843	3	3	0	-6.77557781227137
chr9	36303539	38620378	0.304565875303147	55	0.143083369072197	0.660893310474973	2646	1.30182270179723	1	1	0	-6.76771404502056
chr9	38653767	42974974	0.498624467170795	228	0.142058228502204	2.20276880910794	3063	4.12445960992735	6	3	3	-6.73309079747571
chr9	61173862	69901426	0.289986135777599	189	0.141108059730815	1.65019149780019	4555	3.89253819675975	4	3	1	-6.74214097452396
chr9	69902246	97287087	0.141600378297278	642	0.100686331329508	1.68727802733132	35809	4.40812532663987	4	4	0	-6.78307353699835
chr9	97307618	138177100	0.150455710197464	1344	0.121177258390043	1.17506374130989	84105	2.73539497633814	3	3	0	-6.75848132426156
chr10	47663	38728522	0.386975089399345	1097	0.128198517593745	1.45452232521209	44020	3.33494902367999	3	2	1	-6.77089395393248
chr10	41713374	132538238	0.374942441458843	2617	0.135433351071845	1.3156339478224	123965	3.02250749730153	3	2	1	-6.73995256893098
chr10	132607721	133689399	0.49866143036198	114	0.154703550064056	0.830933561585716	3546	1.21164800268922	2	1	1	-6.74353147037668
chr11	179321	1026084	0.372948555336692	300	0.119132851420695	0.996776615979147	6410	1.55467059331619	3	2	1	-6.74794146152619
chr11	1027811	1258256	0.39922535071105	227	0.140426620153492	0.486238484899612	3120	0.667068336887954	3	2	1	-7.01947453634068
chr11	1259904	50513000	0.377273633430066	1491	0.123383015885369	1.24722687297579	70956	2.94193082723223	3	2	1	-6.73497243843132
chr11	54603136	134381883	0.368904002624177	2515	0.129857103818902	1.22476789439246	144504	2.72197588499194	3	2	1	-6.74781175906914
chr12	12205	22325764	0.201361483976911	940	0.126859783760202	1.02050797479395	39184	2.07446596808191	2	2	0	-6.75125702465208
chr12	22835047	26160851	0.0524353796353638	356	0.0648372387939215	21.6534398443912	17266	43.3180227081061	10	10	0	-6.73666127746105
chr12	26194584	34209563	0.398909851644656	337	0.124665911530252	1.63128750422444	11833	3.70333175402468	5	3	2	-6.7559318127358
chr12	37814008	41188273	0.406225025666226	181	0.110254903884457	0.989115343665458	5929	2.32152231920829	3	2	1	-6.79024859508346
chr12	41188788	47685145	0.387951539257702	130	0.125606084848561	1.60234766415249	6411	4.07631035416304	3	2	1	-6.74756369963283
chr12	47687756	133219374	0.379901299013993	2437	0.131211974217085	1.3235377642378	156777	3.06040551109628	3	2	1	-6.74082929820343
chr13	18173863	53201698	0.498847554291222	957	0.138129458136686	1.10160365668347	42089	2.29836597739178	2	1	1	-6.79759795972397
chr13	53300384	94272690	0.00167950770228251	261	0.109595899220032	1.50946230274927	12225	3.19416999119566	5	5	0	-7.25691197033937
chr13	94305846	114299067	0.498833422186569	549	0.150677095933351	1.00956644426199	19606	2.11703134685807	2	1	1	-6.73751658573586
chr14	18330642	19478476	0.396678317127156	75	0.140870323091586	1.02881469989483	1145	1.7244613473673	3	2	1	-6.75180320716728
chr14	19614379	24508388	0.498865651902685	510	0.117986604192289	0.883346075304726	20498	1.75027965842635	2	1	1	-6.74132231325423
chr14	24558954	50595552	0.241271832599572	288	0.11947655097373	1.22999333652251	18270	2.69701896538984	2	2	0	-6.98278633655265
chr14	50595737	87955006	0.498843629957474	856	0.139649988609884	1.05122033765678	44492	2.23995580889489	2	1	1	-6.76240149943105
chr14	87955138	103726762	0.291116641890394	449	0.146394349175404	0.654441766743209	20049	1.03781317770967	1	1	0	-6.74721401787776
chr14	103727941	106728237	0.284589863065069	237	0.161252245360397	0.409523253278974	7080	0.614382382395398	1	1	0	-7.68471666709157
chr15	19899914	39809952	0.389063987105104	628	0.142157976365071	1.25672533236123	24036	2.90945322710596	3	2	1	-6.73562552803362
chr15	39934294	101976613	0.498872985280977	2109	0.129218858348584	0.993157188792621	105995	2.08026716439798	2	1	1	-6.7381950646652
chr16	16488	2597875	0.496419973068459	333	0.153395651838999	0.779643383148	15556	1.38265170891979	2	1	1	-6.77149083489487
chr16	2684531	36101193	0.494212312762662	1396	0.138841955612491	1.26793884577797	70749	2.77504090833883	4	2	2	-6.85741798489698
chr16	46386441	90095778	0.279023272113871	1763	0.123363865252794	1.42736116641441	85754	3.57154767514072	4	3	1	-6.78428146338044
chr17	118325	1770660	0.207473584128788	126	0.133867754691082	1.07309834979686	5202	2.40538287270152	2	2	0	-6.75166826420196
chr17	1771311	20517238	0.197409835083035	1045	0.121648170316996	0.883831145101351	53226	1.63945779119515	2	2	0	-6.77464348970759
chr17	20517406	21669265	0.342646310263619	222	0.128205508776085	1.44298153021181	2406	3.22063842912379	6	4	2	-6.75638347916278
chr17	21671995	22741813	0.497863740601621	54	0.140801619616582	1.57416483958378	521	2.53047584412287	4	2	2	-6.73316912286538
chr17	25920257	31530442	0.374427783293086	297	0.135223539408476	1.31164937728942	16882	2.91339192299375	3	2	1	-6.73446062067845
chr17	31551727	33443715	0.255918021811922	64	0.120065421155064	2.04449573189942	4193	4.83037749342113	5	4	1	-6.73340537283805
chr17	33754732	38497916	0.210624667660849	152	0.128619464752192	0.988785604723673	10115	2.12674927457789	2	2	0	-6.75700244717683
chr17	38498858	42554888	0.373545433007793	287	0.123786505228692	1.20382917525888	20543	2.46773338341864	3	2	1	-6.73607856444869
chr17	42610321	45586881	0.183904665991994	197	0.131953738609075	0.917120853604644	14000	1.62218729690929	2	2	0	-6.73514154231391
chr17	45588256	46282889	0.498608389888504	119	0.132779258298383	1.45356856598965	1797	2.34854977994954	4	2	2	-6.73361972148
chr17	46283146	83085163	0.375567097272942	1944	0.134855828426683	1.24731088471874	91463	2.99061364147464	3	2	1	-6.73489527876284
chr18	47434	11754035	0.165827785781592	394	0.151155628149131	1.13810668688035	11839	3.47013956662394	3	3	0	-6.7570504275052
chr18	11755566	15165582	0.108375064575558	208	0.083965534483191	2.17412331710842	7717	5.69924921014861	4	4	0	-6.74167734139165
chr18	21403805	26643690	0.255275910424994	173	0.136426980509313	2.9017480448829	12398	7.80710805817094	9	7	2	-6.73330043352739
chr18	26832263	63410524	0.2527942180791	524	0.135798252563379	0.838045594642228	24422	1.78264200508408	2	2	0	-7.02154354903626
chr18	63425706	80261884	0.185978726575007	272	0.117837139463515	1.25390846573219	10428	2.97178259576071	2	2	0	-6.80799326254632
chr19	111520	11397179	0.498859026536688	1346	0.135428974782654	0.807475004721139	50412	1.46441593169326	2	1	1	-6.83651514236656
chr19	11398905	13202418	0.404523672496743	122	0.0991670840255246	1.13481167637079	10139	2.29391429782599	3	2	1	-6.77159958478933
chr19	13208879	15807690	0.193447826775506	274	0.109875691529573	0.861483016906892	10137	1.65451633719203	2	2	0	-6.74447216113758
chr19	15823789	18771394	0.130732173584891	334	0.0916116176960112	1.2779779669816	15612	2.39668522236616	3	3	0	-6.74010460104728
chr19	18784408	19655966	0.272068319794797	78	0.142823014904509	0.536082872495733	3723	0.700588849228245	1	1	0	-6.78148223307071
chr19	19664931	21655493	0.200301180369707	113	0.115430090871638	1.07915334179531	4463	1.70798806389039	2	2	0	-6.74827729919454
chr19	21655690	24364706	0.290218563752655	109	0.133212109775957	0.804351748933987	3896	1.37048290013881	1	1	0	-6.77841827899297
chr19	28356342	39879041	0.186541361438115	533	0.1163141929112	0.88354729961877	28175	1.61594292361258	2	2	0	-6.75572181732268
chr19	39879573	39885537	0.0828658845807759	14	0.0486415460280612	0.314690546778294	37	0.180367297096402	5	5	0	-7.104122552532
chr19	39885621	39886439	0.441781228113721	10	0.0380597483497257	0.60187316726543	38	0.26597913264816	7	4	3	-6.75062444874984
chr19	39886625	54574122	0.191404447185333	1633	0.121759753193527	0.878528095380538	65146	1.57238042148094	2	2	0	-6.76888986299942
chr19	54574136	54633523	0.341643935128273	72	0.123491966722821	0.560608802645771	413	0.948936308826453	3	2	1	-6.81761078415903
chr19	54635114	58571001	0.172359072208425	525	0.11424179119608	0.770398590888374	18349	1.49963498113013	2	2	0	-6.79520643948229
chr20	96321	26110592	0.195210738263688	624	0.119125780742658	0.974167268305512	27082	2.15520128467544	2	2	0	-6.73752203908602
chr20	28560028	49254660	0.436457381114442	729	0.140534323008874	1.48775419011908	46388	3.59323187747771	5	3	2	-6.79566191856803
chr20	49257468	57225881	0.498785903135564	210	0.115416736668529	2.60578054828844	12919	6.82540553359082	8	4	4	-6.73363181235992
chr20	57335486	64302708	0.498855230403886	448	0.137948598817197	1.49580910806871	17653	3.4119630258942	4	2	2	-6.73414291568759
chr21	5218123	9014239	0.498508969159965	48	0.143150677881784	2.12506911543208	426	2.17439017596353	6	3	3	-6.73353670493486
chr21	9014287	9246613	0.49844827051291	32	0.168358461541381	0.844764950743406	148	2.38362829343947	2	1	1	-6.73354399413355
chr21	9246740	10461739	0.321390606527281	301	0.14583553427227	2.15784735494838	1293	1.78689154264224	7	5	2	-6.73853033660425
chr21	10462587	13052006	0.49862906971422	51	0.151474123849846	0.802494925945137	694	1.31652475239415	2	1	1	-6.76484756418578
chr21	13387930	39428445	0.217484271187195	363	0.122700040321843	1.12519847746338	20648	2.30880107911348	2	2	0	-6.8393677855519
chr21	39451934	46660984	0.200048126097477	462	0.143161390415381	0.738533945641667	13858	1.30992371614871	1	1	0	-6.9017186518492
chr22	10685824	11064385	0.498637849581427	292	0.138861454148351	2.67515835048345	1111	1.88096875817293	8	4	4	-6.73322315110078
chr22	11065949	11068310	0.492445268877241	22	0.130443797919197	0.645408217111494	99	0.387279287792733	2	1	1	-6.73660263722403
chr22	11296013	12693994	0.285167822138675	76	0.146205514451885	3.29695676682005	503	2.77647145091844	8	6	2	-6.73620029356554
chr22	15529277	50808252	0.171312152315993	2088	0.122503472049613	1.05771174432313	83126	2.39337040641429	2	2	0	-6.76859420639219
chrX	284503	57679344	0.259215777087356	585	0.144622902145819	0.621423574915311	47361	1.14448009572038	1	1	0	-6.84924618816025
chrX	62779926	156025116	0.268045093011818	676	0.140551351539076	0.602686452078614	63443	1.04947686180516	1	1	0	-7.17450726470993
chrY	10934773	11340798	0.237171579303256	100	0.14755120973733	1.93303478652766	410	1.49718841185097	6	5	1	-6.74171511107589
chrY	11344922	11722109	0.369321475894705	13	0.0962540042457109	2.37790320528061	86	1.49375156228275	6	4	2	-6.73861377353789
chrY	26436900	56880483	0.399032377220378	100	0.114689411063537	3.22150088205554	335	1.56898342458731	10	6	4	-6.76333255771043
